FIPS,Health Care and Social Assistance,Manufacturing,Retail Trade,Accommodation and Food Services,Others
1001,0.127395,0.079115,0.189652,0.192535,0.411304
1003,0.114588,0.06443,0.182408,0.185106,0.453469
1005,0.070985,0.354428,0.093907,0.080351,0.40033
1007,0.155225,0.142928,0.105765,0.06315,0.532932
1009,0.13459,0.150317,0.152692,0.099565,0.462836
1011,0.135814,0.32192,0.101547,0.035103,0.405617
1013,0.119608,0.249011,0.124821,0.106647,0.399912
1015,0.150043,0.182764,0.153917,0.118263,0.395013
1017,0.09777,0.287958,0.128764,0.102078,0.38343
1019,0.132855,0.209686,0.159467,0.123778,0.374214
1021,0.098955,0.234508,0.174674,0.105313,0.386551
1023,0.080029,0.348894,0.101231,0.037327,0.432518
1025,0.147337,0.181453,0.188076,0.100741,0.382393
1027,0.128477,0.586763,0.06901,0.028877,0.186874
1029,0.03216,0.208267,0.186756,0.078426,0.49439
1031,0.125355,0.252075,0.162061,0.117422,0.343086
1033,0.117908,0.260083,0.103221,0.076823,0.441965
1035,0.172069,0.1525,0.118491,0.097884,0.459056
1037,0.115561,0.338673,0.078716,0.172504,0.294546
1039,0.148461,0.165474,0.152413,0.091969,0.441683
1041,0.107612,0.328068,0.068481,0.058139,0.4377
1043,0.136923,0.18419,0.135241,0.106049,0.437597
1045,0.09727,0.034141,0.095876,0.080472,0.69224
1047,0.138592,0.285858,0.134874,0.074824,0.365852
1049,0.13273,0.370369,0.113549,0.085273,0.298079
1051,0.132409,0.164609,0.173954,0.185555,0.343473
1053,0.1089,0.191101,0.156217,0.17229,0.371492
1055,0.218042,0.153467,0.147286,0.115238,0.365966
1057,0.205283,0.330252,0.153591,0.067734,0.243141
1059,0.078045,0.538644,0.072933,0.051191,0.259188
1061,0.141465,0.143176,0.165361,0.069299,0.480699
1063,0.068443,0.471327,0.099553,0.0168,0.343878
1065,0.206665,0.24863,0.135237,0.083809,0.325659
1067,0.040017,0.070951,0.070659,0.050079,0.768294
1069,0.190831,0.096698,0.146465,0.117886,0.44812
1071,0.115037,0.394257,0.133442,0.092846,0.264419
1073,0.163929,0.059912,0.088193,0.0751,0.612866
1075,0.0847,0.523855,0.075673,0.049918,0.265854
1077,0.17632,0.109356,0.171245,0.139298,0.403781
1079,0.163589,0.064103,0.198495,0.138842,0.434972
1081,0.126516,0.144339,0.136216,0.148744,0.444185
1083,0.105729,0.236967,0.122328,0.094692,0.440285
1085,0.084369,0.440647,0.123741,0.0,0.351243
1087,0.241378,0.055318,0.067484,0.056061,0.57976
1089,0.125649,0.082742,0.094895,0.080379,0.616335
1091,0.145917,0.233267,0.115708,0.069966,0.435143
1093,0.126586,0.341314,0.102509,0.066849,0.362742
1095,0.106036,0.379618,0.120586,0.087275,0.306485
1097,0.118197,0.088263,0.110082,0.088548,0.59491
1099,0.11993,0.225727,0.126422,0.058261,0.46966
1101,0.145992,0.109226,0.095803,0.097148,0.551831
1103,0.117174,0.272583,0.100794,0.080563,0.428886
1105,0.06715,0.240367,0.080481,0.0553,0.556701
1107,0.182931,0.231509,0.13242,0.053582,0.399557
1109,0.073444,0.16589,0.104681,0.111035,0.54495
1111,0.127862,0.299777,0.164775,0.080275,0.327312
1113,0.122828,0.249422,0.155995,0.147822,0.323933
1117,0.107556,0.19348,0.147736,0.113458,0.43777
1115,0.070143,0.050118,0.091364,0.072758,0.715617
1119,0.115058,0.065495,0.082688,0.080124,0.656635
1121,0.099558,0.370675,0.099875,0.085345,0.344548
1123,0.165384,0.195508,0.129671,0.106203,0.403234
1125,0.136043,0.210883,0.10613,0.113662,0.433282
1127,0.195394,0.136473,0.190017,0.10198,0.376135
1129,0.046904,0.579787,0.042713,0.010154,0.320442
1131,0.098578,0.433753,0.097757,0.037378,0.332534
1133,0.066449,0.335078,0.069309,0.035274,0.49389
2013,0.020748,0.933656,0.018714,0.008543,0.018339
2016,0.024268,0.669676,0.028565,0.03084,0.24665
2020,0.150324,0.014429,0.083513,0.08418,0.667554
2050,0.19524,0.0,0.301703,0.017685,0.485372
2060,0.060446,0.164622,0.153862,0.148367,0.472703
2068,0.011785,0.0,0.056959,0.188553,0.742703
2070,0.544877,0.020133,0.173444,0.03927,0.222275
2090,0.216919,0.017905,0.147319,0.099377,0.51848
2100,0.176246,0.045869,0.201651,0.122261,0.453974
2105,0.105644,0.060048,0.221191,0.079233,0.533885
2110,0.16769,0.02343,0.116168,0.089095,0.603618
2122,0.230056,0.045667,0.15078,0.101661,0.471836
2130,0.140211,0.038531,0.146243,0.110596,0.564419
2150,0.14667,0.383927,0.083943,0.071213,0.314247
2158,0.03589,0.0,0.489977,0.0,0.474133
2164,0.01192,0.06377,0.143045,0.077483,0.703782
2170,0.208747,0.031648,0.162181,0.10974,0.487684
2180,0.452541,0.007967,0.14933,0.056671,0.333491
2185,0.068747,0.0,0.053044,0.037514,0.840695
2188,0.247641,0.0,0.086512,0.03893,0.626916
2195,0.172166,0.197637,0.157819,0.053802,0.418576
2198,0.130224,0.069665,0.205424,0.099044,0.495644
2220,0.234764,0.071671,0.12498,0.112265,0.456319
2230,0.014099,0.0,0.191745,0.211484,0.582672
2240,0.070077,0.008703,0.132645,0.08697,0.701605
2261,0.184984,0.062573,0.11347,0.078825,0.560149
2275,0.2333,0.0,0.211081,0.090728,0.464891
2282,0.204057,0.0,0.476132,0.09717,0.222642
2290,0.080539,0.0,0.354372,0.064431,0.500658
4001,0.333897,0.014413,0.183788,0.118218,0.349683
4003,0.165232,0.012254,0.170723,0.119216,0.532575
4005,0.151026,0.101717,0.126455,0.24723,0.373573
4007,0.18111,0.011026,0.172156,0.165905,0.469802
4009,0.271496,0.030115,0.188346,0.1249,0.385144
4011,0.021497,0.0,0.065757,0.025544,0.887202
4012,0.101568,0.034552,0.302101,0.369553,0.192226
4013,0.111522,0.051524,0.094098,0.089123,0.653732
4015,0.178146,0.068912,0.207946,0.142068,0.402927
4017,0.226491,0.024024,0.183717,0.189377,0.376391
4019,0.167963,0.059306,0.12408,0.116188,0.532463
4021,0.153065,0.072794,0.15691,0.129203,0.488028
4023,0.133828,0.029435,0.159753,0.10045,0.576534
4025,0.192458,0.049003,0.147395,0.146488,0.464656
4027,0.165934,0.070682,0.158208,0.121722,0.483453
5001,0.092566,0.473857,0.100422,0.046635,0.286519
5003,0.139583,0.240393,0.11494,0.078359,0.426725
5005,0.277165,0.182114,0.142202,0.098062,0.300457
5007,0.054962,0.071687,0.07145,0.063907,0.737994
5009,0.159796,0.117538,0.128197,0.071886,0.522584
5011,0.178714,0.233831,0.086845,0.062801,0.437809
5013,0.105838,0.0,0.108552,0.037993,0.747617
5015,0.072117,0.304494,0.121522,0.148539,0.353328
5017,0.362161,0.01066,0.100628,0.066753,0.459798
5019,0.131679,0.175745,0.143526,0.130815,0.418236
5021,0.294555,0.033809,0.147465,0.066961,0.457209
5023,0.121102,0.244951,0.151891,0.176837,0.305219
5025,0.361897,0.0,0.095321,0.042006,0.500775
5027,0.123212,0.23833,0.114957,0.090436,0.433065
5029,0.157292,0.189126,0.140845,0.082616,0.43012
5031,0.220749,0.155867,0.129961,0.10982,0.383604
5033,0.075554,0.317373,0.107121,0.08472,0.415231
5035,0.113564,0.135346,0.119908,0.113191,0.517991
5037,0.215509,0.127039,0.162204,0.075497,0.41975
5039,0.249866,0.24785,0.122359,0.04633,0.333596
5041,0.14572,0.263444,0.148311,0.094747,0.347778
5043,0.210799,0.192937,0.150033,0.107551,0.33868
5045,0.145977,0.085068,0.132416,0.103343,0.533197
5047,0.084124,0.299717,0.128661,0.063685,0.423814
5049,0.389176,0.069842,0.118742,0.14361,0.27863
5051,0.210256,0.072644,0.151157,0.15262,0.413323
5053,0.078371,0.311949,0.125494,0.090719,0.393466
5055,0.126344,0.326489,0.125501,0.098729,0.322937
5057,0.141493,0.349051,0.136705,0.086811,0.285939
5059,0.149034,0.24508,0.115512,0.090749,0.399625
5061,0.165719,0.451422,0.079011,0.057963,0.245885
5063,0.196103,0.308766,0.099289,0.077575,0.318268
5065,0.31855,0.154337,0.163667,0.061028,0.302417
5067,0.217095,0.258587,0.17462,0.068308,0.281391
5069,0.184724,0.213298,0.128177,0.09042,0.383381
5071,0.137231,0.35527,0.115702,0.073305,0.318492
5073,0.141195,0.12059,0.130048,0.052019,0.556146
5075,0.194905,0.104267,0.154038,0.069946,0.476845
5077,0.304811,0.010408,0.159972,0.049721,0.475089
5079,0.192237,0.249263,0.12792,0.088615,0.341965
5081,0.103378,0.419353,0.133843,0.066066,0.27736
5083,0.147608,0.276129,0.171513,0.076125,0.328625
5085,0.132354,0.12231,0.167441,0.144075,0.43382
5087,0.072337,0.424579,0.136826,0.061759,0.304499
5089,0.051691,0.509748,0.128917,0.064458,0.245186
5091,0.070904,0.196576,0.088105,0.081817,0.562598
5093,0.107322,0.44581,0.097441,0.06755,0.281878
5095,0.195045,0.061893,0.131054,0.13259,0.479417
5097,0.071433,0.062098,0.168536,0.271221,0.426713
5099,0.149407,0.295955,0.133218,0.035155,0.386266
5101,0.324766,0.102295,0.168453,0.200323,0.204163
5103,0.166517,0.388148,0.101416,0.049931,0.293988
5105,0.282408,0.028849,0.200098,0.08231,0.406336
5107,0.185494,0.091782,0.163827,0.084014,0.474883
5109,0.093708,0.188256,0.150531,0.103178,0.464327
5111,0.143417,0.194748,0.169749,0.107882,0.384203
5113,0.204305,0.222654,0.138313,0.086784,0.347944
5115,0.123722,0.186577,0.116778,0.097141,0.475783
5117,0.206913,0.0,0.188272,0.076427,0.528388
5119,0.173394,0.050897,0.089919,0.079628,0.606161
5121,0.223964,0.140317,0.140843,0.084737,0.410139
5125,0.247666,0.134022,0.156704,0.093652,0.367957
5127,0.187125,0.05652,0.183324,0.129087,0.443945
5129,0.184698,0.410429,0.09519,0.061092,0.248591
5131,0.339324,0.154022,0.210792,0.138814,0.157047
5133,0.161499,0.186097,0.107434,0.081967,0.463002
5135,0.107923,0.331138,0.122414,0.053853,0.384672
5123,0.268304,0.022139,0.236576,0.098286,0.374695
5137,0.260444,0.108499,0.204603,0.161717,0.264737
5139,0.094332,0.172868,0.112045,0.052249,0.568505
5141,0.188312,0.044301,0.157966,0.104082,0.505339
5143,0.150516,0.128477,0.105296,0.104319,0.511392
5145,0.171303,0.084601,0.131823,0.091679,0.520594
5147,0.177934,0.20485,0.161285,0.062433,0.393499
5149,0.183657,0.411275,0.091645,0.043527,0.269897
6001,0.112107,0.098523,0.077097,0.072252,0.640021
6003,0.050822,0.0,0.028401,0.09417,0.826607
6005,0.159486,0.085435,0.165744,0.261997,0.327338
6007,0.206556,0.063769,0.145369,0.116435,0.467871
6009,0.13065,0.058209,0.162038,0.153798,0.495305
6011,0.100899,0.152334,0.131192,0.178263,0.437312
6013,0.139243,0.038108,0.100634,0.08312,0.638895
6015,0.291338,0.037882,0.199981,0.152335,0.318463
6017,0.12282,0.043151,0.112281,0.122397,0.59935
6019,0.151384,0.084212,0.110147,0.096063,0.558193
6021,0.093791,0.146258,0.143877,0.108466,0.507607
6023,0.176847,0.057554,0.162185,0.137864,0.46555
6025,0.174193,0.05791,0.226717,0.115291,0.425889
6027,0.229953,0.040034,0.160386,0.235221,0.334407
6029,0.137683,0.059202,0.129086,0.103662,0.570367
6031,0.171619,0.162768,0.141207,0.166738,0.357667
6033,0.22449,0.036654,0.187876,0.145914,0.405067
6035,0.21561,0.014165,0.188659,0.163362,0.418204
6037,0.117613,0.065492,0.081558,0.090922,0.644415
6039,0.207685,0.126807,0.114114,0.089351,0.462042
6041,0.127726,0.021807,0.110901,0.096778,0.642788
6043,0.172103,0.034383,0.099977,0.335279,0.358258
6045,0.16331,0.094703,0.165394,0.145993,0.430601
6047,0.137881,0.190358,0.152764,0.106944,0.412052
6049,0.326556,0.012721,0.136329,0.110173,0.414221
6051,0.093601,0.017526,0.103273,0.568623,0.216978
6053,0.125482,0.066008,0.127904,0.159289,0.521318
6055,0.134823,0.172539,0.089833,0.163244,0.43956
6057,0.142527,0.047092,0.134584,0.171095,0.504702
6059,0.094453,0.079089,0.076897,0.094355,0.655206
6061,0.123102,0.026508,0.118306,0.123791,0.608293
6063,0.203515,0.12241,0.128251,0.098405,0.447418
6065,0.12548,0.071881,0.134181,0.138389,0.53007
6067,0.145591,0.03817,0.099577,0.095194,0.621468
6069,0.113881,0.239022,0.094117,0.099773,0.453207
6071,0.136034,0.075251,0.125561,0.091382,0.571773
6073,0.116553,0.066995,0.089266,0.11105,0.616135
6075,0.066893,0.007462,0.04491,0.077635,0.803099
6077,0.127931,0.083569,0.115647,0.089707,0.583145
6079,0.13823,0.065162,0.124107,0.149802,0.522699
6081,0.05682,0.042108,0.055092,0.05964,0.78634
6083,0.121094,0.074648,0.095647,0.134483,0.574128
6085,0.067244,0.052449,0.046041,0.052425,0.781841
6087,0.143043,0.057587,0.125833,0.124465,0.549071
6089,0.179956,0.038309,0.158363,0.112036,0.511336
6091,0.227886,0.0,0.134871,0.358106,0.279136
6093,0.177422,0.085232,0.162058,0.145537,0.429752
6095,0.167122,0.080781,0.136737,0.098219,0.517141
6097,0.133812,0.113822,0.120339,0.108554,0.523472
6099,0.160125,0.124047,0.14161,0.104995,0.469224
6101,0.144437,0.059035,0.162533,0.104951,0.529045
6103,0.131992,0.12641,0.133714,0.115724,0.49216
6105,0.187628,0.118939,0.198215,0.143515,0.351704
6107,0.153931,0.126429,0.142609,0.094374,0.482658
6109,0.190455,0.059839,0.161159,0.13241,0.456138
6111,0.130801,0.083786,0.122482,0.108142,0.55479
6113,0.085316,0.084061,0.093037,0.116629,0.620957
6115,0.207694,0.034258,0.104673,0.190752,0.462623
8001,0.115121,0.065694,0.109808,0.083583,0.625794
8003,0.276902,0.017581,0.167663,0.113347,0.424506
8005,0.099406,0.01604,0.077742,0.067665,0.739147
8007,0.144074,0.032252,0.179677,0.148584,0.495413
8009,0.44543,0.0,0.122493,0.038975,0.393102
8011,0.225674,0.0,0.264204,0.12935,0.380771
8013,0.106743,0.077495,0.092006,0.095292,0.628465
8014,0.039021,0.042928,0.067011,0.047704,0.803336
8015,0.134342,0.022215,0.175593,0.186868,0.480982
8017,0.116237,0.0,0.061797,0.03237,0.789597
8019,0.01863,0.017786,0.083405,0.19146,0.688718
8021,0.253605,0.09186,0.227188,0.054155,0.373192
8023,0.107856,0.353639,0.281816,0.139169,0.11752
8025,0.320497,0.0,0.316045,0.0,0.363458
8027,0.029569,0.071599,0.252116,0.119833,0.526882
8029,0.236916,0.066217,0.180422,0.098153,0.418293
8031,0.09105,0.027839,0.053691,0.091471,0.735948
8033,0.150973,0.080765,0.161266,0.140679,0.466317
8035,0.101099,0.051232,0.120042,0.086156,0.641471
8037,0.064412,0.010666,0.115559,0.222533,0.586831
8041,0.036288,0.06043,0.152467,0.065259,0.685557
8039,0.126922,0.040191,0.097645,0.102699,0.632543
8043,0.241482,0.045056,0.190488,0.133352,0.389623
8045,0.136779,0.008421,0.13255,0.160601,0.561649
8047,0.0,0.002072,0.004518,0.466677,0.526733
8049,0.050997,0.017411,0.071831,0.229174,0.630588
8051,0.090718,0.023056,0.153369,0.262443,0.470414
8053,0.0,0.0,0.201493,0.302239,0.496269
8055,0.354122,0.0,0.192187,0.14414,0.30955
8057,0.0,0.0,0.198792,0.250331,0.550876
8059,0.112632,0.036546,0.117796,0.095985,0.637041
8061,0.42703,0.0,0.325357,0.084728,0.162885
8063,0.147009,0.053062,0.164721,0.127969,0.507239
8067,0.105314,0.06853,0.111473,0.131181,0.583503
8065,0.151506,0.026672,0.129368,0.142167,0.550286
8069,0.135875,0.088188,0.126171,0.127641,0.522125
8071,0.232546,0.038535,0.198515,0.178096,0.352307
8073,0.160042,0.01066,0.195537,0.166269,0.467492
8075,0.189342,0.065004,0.178123,0.139461,0.42807
8077,0.196164,0.05373,0.130928,0.107408,0.51177
8079,0.0,0.0,0.235039,0.355292,0.409668
8081,0.156307,0.016129,0.175085,0.143347,0.509132
8083,0.18706,0.054171,0.178439,0.195544,0.384786
8085,0.196997,0.089103,0.154723,0.097864,0.461313
8087,0.126625,0.27265,0.1033,0.085499,0.411927
8089,0.250847,0.117653,0.141089,0.118564,0.371847
8091,0.043573,0.069561,0.131412,0.282189,0.473266
8093,0.02814,0.041469,0.143354,0.162468,0.62457
8095,0.261507,0.0,0.132911,0.061277,0.544304
8097,0.037011,0.00912,0.072063,0.267558,0.614248
8099,0.223254,0.059145,0.206762,0.107809,0.40303
8101,0.220679,0.086958,0.135781,0.093907,0.462675
8103,0.192215,0.007308,0.116597,0.078057,0.605823
8105,0.172433,0.033753,0.132999,0.101452,0.559362
8107,0.092612,0.012837,0.119721,0.330432,0.444399
8109,0.097548,0.103375,0.10498,0.043664,0.650433
8111,0.0,0.0,0.151426,0.302853,0.545721
8113,0.028011,0.02186,0.087988,0.279616,0.582525
8115,0.316566,0.073534,0.127043,0.09372,0.389136
8117,0.049397,0.018717,0.143669,0.308002,0.480215
8119,0.097706,0.013125,0.130323,0.248523,0.510323
8121,0.07082,0.142072,0.136328,0.058426,0.592354
8123,0.081613,0.143373,0.0951,0.077094,0.602819
8125,0.182397,0.03008,0.137826,0.067542,0.582155
9001,0.131814,0.067193,0.087407,0.064483,0.649102
9003,0.145066,0.09296,0.081483,0.059248,0.621243
9005,0.177632,0.150024,0.134017,0.079522,0.458806
9007,0.20274,0.138113,0.113179,0.081032,0.464936
9009,0.171835,0.065161,0.092842,0.066368,0.603794
9011,0.143561,0.131871,0.121237,0.200771,0.40256
9013,0.181442,0.146489,0.142083,0.130251,0.399735
9015,0.202343,0.182599,0.143453,0.096922,0.374683
10001,0.190329,0.074215,0.148971,0.120749,0.465737
10003,0.135464,0.04033,0.086933,0.066176,0.671097
10005,0.15256,0.146368,0.161788,0.130247,0.409037
11001,0.094981,0.001448,0.029894,0.095462,0.778215
12001,0.252236,0.03398,0.118172,0.115484,0.480128
12003,0.272921,0.031607,0.130655,0.116546,0.448271
12005,0.155901,0.055553,0.176487,0.170616,0.441443
12007,0.154606,0.059204,0.221754,0.117094,0.447341
12009,0.138089,0.072799,0.125516,0.10671,0.556887
12011,0.114398,0.027834,0.11801,0.098462,0.641296
12013,0.306139,0.011911,0.147503,0.115776,0.418671
12015,0.201722,0.010113,0.226567,0.140629,0.420969
12017,0.320881,0.011226,0.172864,0.102277,0.392753
12019,0.191284,0.024698,0.16354,0.123211,0.497267
12021,0.136282,0.028522,0.153255,0.163602,0.518339
12023,0.208106,0.041885,0.146304,0.154458,0.449246
12027,0.157309,0.075581,0.155825,0.0837,0.527584
12029,0.067079,0.270417,0.152125,0.110201,0.400178
12031,0.109489,0.039617,0.086384,0.075507,0.689003
12033,0.157352,0.033302,0.113368,0.10723,0.588747
12035,0.150507,0.024628,0.183917,0.175576,0.465372
12037,0.1105,0.028675,0.207394,0.244502,0.408929
12039,0.17276,0.112622,0.134658,0.147208,0.432752
12041,0.261755,0.09705,0.079909,0.159817,0.401469
12043,0.047586,0.171832,0.120947,0.120947,0.538689
12045,0.097378,0.026791,0.177135,0.146994,0.551702
12047,0.115803,0.288552,0.217195,0.073599,0.304852
12049,0.206215,0.081625,0.131474,0.16807,0.412617
12051,0.168836,0.103845,0.191889,0.153381,0.382048
12053,0.22908,0.061391,0.18779,0.14852,0.37322
12055,0.256861,0.03922,0.204781,0.118971,0.380167
12057,0.115072,0.031718,0.090547,0.073361,0.689303
12059,0.280516,0.051051,0.20344,0.125839,0.339155
12061,0.173827,0.043011,0.163731,0.109063,0.510368
12063,0.154457,0.073534,0.178602,0.113582,0.479824
12065,0.102664,0.030238,0.183987,0.102664,0.580447
12067,0.212786,0.06764,0.138773,0.097141,0.48366
12069,0.188437,0.036823,0.171471,0.120701,0.482568
12071,0.142076,0.021308,0.153523,0.130833,0.552259
12073,0.155232,0.014174,0.131341,0.131189,0.568064
12075,0.073913,0.118623,0.2129,0.124493,0.47007
12077,0.250482,0.281046,0.151039,0.0,0.317433
12079,0.271819,0.157348,0.154402,0.064579,0.351852
12081,0.12586,0.069161,0.159449,0.111896,0.533635
12083,0.161499,0.09269,0.174707,0.100737,0.470368
12085,0.194745,0.036641,0.144522,0.11333,0.510762
12086,0.118561,0.030974,0.114384,0.107038,0.629043
12087,0.064084,0.0091,0.173837,0.371281,0.381698
12089,0.130625,0.067709,0.158587,0.226508,0.416572
12091,0.127296,0.035518,0.173953,0.165969,0.497264
12093,0.184887,0.026549,0.21043,0.120785,0.457349
12095,0.085888,0.030862,0.090659,0.130309,0.662282
12097,0.146784,0.020099,0.17199,0.216053,0.445074
12099,0.135318,0.023208,0.117931,0.104505,0.619038
12101,0.190918,0.030155,0.20114,0.118974,0.458813
12103,0.15239,0.063479,0.106319,0.097032,0.58078
12105,0.122495,0.072543,0.12265,0.080272,0.60204
12107,0.184592,0.143477,0.191365,0.106458,0.374108
12113,0.117282,0.030712,0.156431,0.178454,0.517121
12115,0.173197,0.058378,0.163031,0.127071,0.478323
12117,0.138158,0.029077,0.171691,0.154108,0.506966
12109,0.166555,0.042284,0.143198,0.117039,0.530924
12111,0.086527,0.032456,0.1164,0.077863,0.686754
12119,0.189201,0.041204,0.156055,0.15309,0.46045
12121,0.13368,0.241181,0.198482,0.104956,0.321701
12123,0.092892,0.343884,0.168135,0.093264,0.301825
12125,0.18412,0.085285,0.126302,0.056134,0.548159
12127,0.148293,0.052214,0.148544,0.12865,0.522298
12129,0.04335,0.113512,0.210588,0.156059,0.476491
12131,0.086148,0.012032,0.207526,0.269481,0.424814
12133,0.156131,0.060745,0.150134,0.104954,0.528037
13001,0.151179,0.096887,0.153164,0.081087,0.517682
13003,0.020896,0.438338,0.084217,0.041159,0.41539
13005,0.157696,0.211269,0.083887,0.050931,0.496217
13007,0.10159,0.0,0.150177,0.0,0.748233
13009,0.288041,0.078195,0.168839,0.141591,0.323334
13011,0.047744,0.074705,0.221335,0.293089,0.363127
13013,0.078923,0.158232,0.144138,0.107106,0.511602
13015,0.082539,0.227583,0.105461,0.108837,0.47558
13017,0.101943,0.374801,0.146223,0.077539,0.299494
13019,0.095929,0.427998,0.118952,0.089854,0.267267
13021,0.161571,0.061288,0.117045,0.089373,0.570723
13023,0.143435,0.031659,0.244241,0.180047,0.400618
13025,0.103876,0.109132,0.199617,0.0826,0.504775
13027,0.220918,0.065993,0.136663,0.043539,0.532888
13029,0.108076,0.050856,0.182561,0.193847,0.46466
13031,0.167672,0.077793,0.165268,0.168427,0.42084
13033,0.051404,0.028527,0.066857,0.038273,0.814939
13035,0.100763,0.159947,0.152136,0.100929,0.486224
13037,0.096312,0.0,0.093709,0.0,0.809978
13039,0.097176,0.024088,0.19108,0.207629,0.480027
13043,0.179083,0.116274,0.154976,0.127425,0.422242
13045,0.133184,0.244474,0.118328,0.112489,0.391524
13047,0.106441,0.138364,0.244368,0.158657,0.35217
13049,0.040667,0.193257,0.131508,0.102989,0.531578
13051,0.115691,0.100893,0.111076,0.132336,0.540005
13053,0.020225,0.0,0.029019,0.109919,0.840837
13055,0.072393,0.473627,0.126319,0.096217,0.231444
13057,0.123198,0.098752,0.159249,0.1338,0.485
13059,0.203164,0.105354,0.147481,0.154575,0.389425
13061,0.053098,0.0,0.242734,0.0,0.704168
13063,0.090455,0.060117,0.12075,0.10853,0.620149
13065,0.122187,0.436643,0.086019,0.056695,0.298456
13067,0.083279,0.043433,0.081999,0.075223,0.716067
13069,0.135602,0.250703,0.12198,0.10562,0.386095
13071,0.190946,0.265556,0.142984,0.076138,0.324376
13073,0.11069,0.079886,0.174408,0.13658,0.498436
13075,0.10738,0.216607,0.179403,0.167093,0.329517
13077,0.126302,0.136551,0.144519,0.117697,0.474931
13079,0.118002,0.085354,0.191129,0.054846,0.550669
13081,0.169976,0.197447,0.15476,0.147347,0.33047
13083,0.072915,0.227918,0.153062,0.108771,0.437334
13085,0.067199,0.112103,0.362268,0.182129,0.276301
13089,0.111219,0.214463,0.177071,0.157592,0.339654
13087,0.122308,0.030153,0.085835,0.073673,0.688031
13091,0.283071,0.148916,0.179582,0.101275,0.287156
13093,0.013728,0.532882,0.089394,0.039908,0.324087
13095,0.201689,0.072758,0.133547,0.109765,0.482241
13097,0.11129,0.100156,0.192941,0.126623,0.46899
13099,0.09547,0.305347,0.092918,0.048501,0.457764
13101,0.054886,0.0,0.142703,0.0,0.802412
13103,0.103596,0.18619,0.162181,0.091042,0.45699
13105,0.094917,0.422936,0.109772,0.060191,0.312184
13107,0.14163,0.338787,0.134211,0.070984,0.314388
13109,0.08861,0.44744,0.098552,0.063756,0.301642
13111,0.162936,0.05541,0.247931,0.173259,0.360463
13113,0.139839,0.05883,0.137614,0.120002,0.543715
13115,0.202237,0.167509,0.096618,0.115014,0.418621
13117,0.111736,0.096528,0.119036,0.080469,0.592231
13119,0.084579,0.207856,0.115417,0.122444,0.469705
13121,0.07649,0.019936,0.045805,0.072441,0.785328
13123,0.068058,0.231276,0.179634,0.142822,0.37821
13125,0.565293,0.0,0.237283,0.0,0.197423
13127,0.157222,0.059022,0.148355,0.221282,0.414119
13129,0.094535,0.263063,0.107784,0.075077,0.459542
13131,0.082406,0.233918,0.135289,0.071568,0.476819
13133,0.117622,0.082144,0.120008,0.250749,0.429478
13135,0.078919,0.057664,0.10677,0.076147,0.6805
13137,0.085871,0.249533,0.131813,0.093573,0.439209
13139,0.150391,0.253901,0.093356,0.069387,0.432965
13141,0.247423,0.303551,0.148454,0.079175,0.221397
13143,0.128006,0.300593,0.16104,0.114824,0.295536
13145,0.062372,0.246327,0.074627,0.156914,0.459761
13147,0.053472,0.409855,0.141838,0.086704,0.308131
13149,0.062414,0.413426,0.075738,0.046284,0.402138
13151,0.143317,0.046398,0.159708,0.13005,0.520528
13153,0.146939,0.106304,0.162513,0.166533,0.417711
13155,0.276725,0.148413,0.081266,0.02522,0.468376
13157,0.029623,0.199071,0.085408,0.042729,0.643169
13159,0.143963,0.234929,0.156061,0.090128,0.374919
13161,0.076361,0.349605,0.137184,0.097227,0.339624
13163,0.107264,0.226532,0.149303,0.058855,0.458046
13165,0.230419,0.013588,0.130631,0.144239,0.481123
13167,0.209397,0.133125,0.21142,0.03844,0.407617
13169,0.131665,0.013207,0.188926,0.139894,0.526308
13171,0.10565,0.206026,0.138242,0.102119,0.447963
13173,0.184976,0.244546,0.120128,0.153084,0.297267
13175,0.167131,0.145011,0.136026,0.12376,0.428072
13177,0.094587,0.094282,0.149965,0.090343,0.570823
13179,0.141805,0.191072,0.144172,0.147242,0.375709
13181,0.034003,0.040791,0.148378,0.113345,0.663483
13183,0.121535,0.0,0.177322,0.09165,0.609493
13185,0.166673,0.074994,0.13695,0.139496,0.481887
13187,0.156267,0.081343,0.158282,0.225516,0.378591
13193,0.134547,0.223227,0.152032,0.106393,0.3838
13195,0.034981,0.010207,0.198756,0.30847,0.447585
13197,0.247113,0.269418,0.113872,0.094502,0.275096
13189,0.069357,0.078309,0.153352,0.102815,0.596167
13191,0.121384,0.0,0.098419,0.024605,0.755593
13199,0.264879,0.084683,0.181,0.072526,0.396912
13201,0.433821,0.015268,0.116304,0.048519,0.386087
13205,0.089223,0.464607,0.110809,0.073213,0.262149
13207,0.155443,0.078203,0.1351,0.097362,0.533892
13209,0.103901,0.16778,0.130839,0.083698,0.513781
13211,0.067463,0.230021,0.141645,0.139126,0.421744
13213,0.090003,0.354102,0.148614,0.096349,0.310932
13215,0.150255,0.067472,0.10442,0.116932,0.560922
13217,0.116089,0.186853,0.146816,0.12065,0.429593
13219,0.132679,0.118644,0.149772,0.107195,0.491711
13221,0.091688,0.072784,0.077639,0.122004,0.635885
13223,0.150756,0.04377,0.217211,0.180368,0.407895
13225,0.077752,0.359712,0.132102,0.120465,0.30997
13227,0.185342,0.118001,0.164515,0.11723,0.414913
13229,0.03532,0.144911,0.128487,0.113191,0.578091
13231,0.102039,0.083981,0.080236,0.048839,0.684905
13233,0.109413,0.350283,0.123004,0.112981,0.304319
13235,0.400122,0.061157,0.132788,0.14422,0.261713
13237,0.091793,0.226122,0.152021,0.101771,0.428293
13239,0.110034,0.0,0.235788,0.0,0.654178
13241,0.099577,0.061933,0.200642,0.225583,0.412265
13243,0.170941,0.113188,0.102564,0.04967,0.563638
13245,0.258,0.069149,0.10925,0.111602,0.451999
13247,0.107658,0.155475,0.130079,0.125838,0.480949
13249,0.037678,0.581841,0.090426,0.03391,0.256146
13251,0.103613,0.356974,0.165221,0.067609,0.306584
13253,0.239963,0.010745,0.15328,0.082983,0.513029
13255,0.230384,0.178182,0.150248,0.100287,0.340898
13257,0.12593,0.272527,0.125114,0.061996,0.414434
13259,0.144549,0.0,0.094215,0.015487,0.745748
13261,0.267782,0.1324,0.148791,0.080736,0.370291
13263,0.0283,0.0,0.123187,0.0,0.848513
13265,0.0,0.0,0.757009,0.0,0.242991
13267,0.183373,0.02903,0.104914,0.090669,0.592014
13269,0.206807,0.022027,0.119779,0.039303,0.612085
13271,0.057536,0.38115,0.106802,0.045822,0.408691
13273,0.07321,0.191294,0.15638,0.077692,0.501426
13275,0.162769,0.113644,0.108017,0.081632,0.533938
13277,0.163316,0.074639,0.141881,0.137014,0.483149
13279,0.184464,0.171337,0.164654,0.100985,0.37856
13281,0.230527,0.035665,0.152614,0.255829,0.325366
13283,0.149638,0.216354,0.276358,0.055272,0.302379
13285,0.090059,0.293668,0.086272,0.084306,0.445696
13287,0.106252,0.215334,0.155161,0.121993,0.40126
13289,0.081525,0.0,0.037471,0.025318,0.855686
13291,0.185469,0.066953,0.14928,0.090221,0.508078
13293,0.22954,0.217976,0.159574,0.107627,0.285283
13295,0.068723,0.385473,0.100209,0.05427,0.391325
13297,0.107984,0.131953,0.130977,0.114682,0.514404
13299,0.186916,0.147628,0.165778,0.120026,0.379652
13301,0.191498,0.363719,0.127666,0.0,0.317117
13303,0.151722,0.104172,0.128499,0.07242,0.543187
13305,0.16979,0.154556,0.16825,0.10946,0.397944
13307,0.0,0.0,0.198404,0.0,0.801596
13309,0.0,0.0,0.259926,0.0,0.740074
13311,0.091137,0.094856,0.157727,0.193372,0.462909
13313,0.07932,0.324055,0.071099,0.056096,0.46943
13315,0.124824,0.007856,0.065268,0.004895,0.797157
13317,0.133,0.180175,0.180536,0.081924,0.424366
13319,0.059436,0.092339,0.07287,0.006106,0.769249
13321,0.118231,0.20116,0.15236,0.064601,0.463649
15001,0.122859,0.029304,0.161041,0.214524,0.472272
15003,0.123388,0.022964,0.10261,0.145358,0.60568
15005,0.00278,0.0,0.000438,0.0,0.996783
15007,0.106465,0.015178,0.135006,0.284435,0.458916
15009,0.095881,0.014976,0.130424,0.316318,0.442402
16001,0.142111,0.059135,0.095182,0.086428,0.617144
16003,0.089013,0.219779,0.212262,0.121537,0.357408
16005,0.18796,0.086828,0.150289,0.115952,0.458971
16007,0.271824,0.052966,0.253823,0.182716,0.23867
16009,0.133699,0.226774,0.116003,0.073141,0.450383
16011,0.16868,0.188285,0.104651,0.063314,0.47507
16013,0.060826,0.026317,0.102611,0.255306,0.55494
16015,0.0179,0.040858,0.153942,0.128882,0.658418
16017,0.113297,0.123479,0.137991,0.135752,0.489482
16019,0.168327,0.053075,0.114072,0.085985,0.578541
16021,0.165291,0.175479,0.162729,0.047409,0.449092
16023,0.420713,0.0,0.315535,0.091339,0.172413
16025,0.068078,0.242795,0.113463,0.325261,0.250402
16027,0.127363,0.161666,0.124351,0.087029,0.499591
16029,0.18253,0.288616,0.167512,0.032347,0.328994
16031,0.143391,0.156288,0.117808,0.090264,0.492248
16033,0.0,0.0,0.0,0.0,1.0
16035,0.254318,0.11333,0.117181,0.089549,0.425622
16037,0.124239,0.021483,0.21836,0.154358,0.48156
16039,0.149973,0.142392,0.208474,0.149772,0.349389
16041,0.162596,0.13696,0.205384,0.098057,0.397004
16043,0.130569,0.071188,0.147578,0.11306,0.537606
16045,0.257403,0.076128,0.146788,0.096563,0.423118
16047,0.227203,0.236842,0.104225,0.075325,0.356406
16049,0.174408,0.158053,0.116272,0.06719,0.484077
16051,0.062418,0.200761,0.123108,0.050895,0.562818
16053,0.063669,0.242077,0.118154,0.056967,0.519132
16055,0.162509,0.081958,0.13229,0.123681,0.499562
16057,0.149544,0.030189,0.168476,0.160102,0.491689
16059,0.271127,0.042572,0.1661,0.146205,0.373997
16061,0.032684,0.212148,0.241861,0.140541,0.372766
16063,0.164513,0.293987,0.112009,0.042003,0.387488
16065,0.067576,0.038529,0.058655,0.051355,0.783885
16067,0.091302,0.180212,0.112192,0.044701,0.571593
16069,0.14861,0.184006,0.123471,0.100557,0.443355
16071,0.255342,0.0683,0.238406,0.106827,0.331125
16073,0.110386,0.065476,0.090245,0.079788,0.654105
16075,0.127854,0.21769,0.069945,0.039928,0.544583
16077,0.060238,0.26712,0.062052,0.034111,0.57648
16079,0.157568,0.039754,0.219724,0.122706,0.460247
16081,0.103787,0.049732,0.126709,0.131485,0.588287
16083,0.175346,0.109828,0.143709,0.112507,0.458611
16085,0.111951,0.019963,0.122818,0.26614,0.479127
16087,0.156019,0.280829,0.133177,0.090939,0.339036
17001,0.174555,0.154922,0.120329,0.073271,0.476922
17003,0.181285,0.159092,0.062126,0.079439,0.518058
17005,0.110109,0.185129,0.079343,0.103401,0.522018
17007,0.05463,0.503882,0.074421,0.060648,0.306419
17009,0.034665,0.035802,0.032017,0.01324,0.884275
17011,0.192012,0.147657,0.092608,0.070136,0.497588
17013,0.17089,0.0,0.178658,0.178658,0.471794
17015,0.125306,0.249492,0.118667,0.068877,0.437659
17017,0.063853,0.468967,0.079431,0.042504,0.345245
17019,0.17599,0.078518,0.113783,0.12762,0.504089
17021,0.163295,0.095024,0.144787,0.092199,0.504694
17023,0.059331,0.285135,0.108365,0.155437,0.391732
17025,0.124855,0.45274,0.09442,0.040518,0.287467
17027,0.184184,0.089998,0.167043,0.10839,0.450385
17029,0.198663,0.116112,0.100134,0.088414,0.496678
17031,0.116989,0.058078,0.068529,0.075418,0.680985
17033,0.120007,0.32373,0.101141,0.07504,0.380082
17035,0.154234,0.304347,0.100667,0.045254,0.395498
17039,0.149359,0.126809,0.127151,0.097373,0.499309
17037,0.102797,0.108686,0.133353,0.072848,0.582316
17041,0.044167,0.415878,0.109876,0.104998,0.325081
17043,0.09102,0.074535,0.074262,0.06111,0.699072
17045,0.157427,0.399775,0.086846,0.056405,0.299548
17047,0.038744,0.591364,0.073074,0.02305,0.273768
17049,0.064456,0.076449,0.058847,0.051787,0.748461
17051,0.150495,0.061916,0.136483,0.101179,0.549927
17053,0.281082,0.179707,0.11054,0.071184,0.357487
17055,0.119136,0.078626,0.177187,0.116761,0.50829
17057,0.248308,0.020556,0.178298,0.09126,0.461578
17059,0.175366,0.033933,0.09328,0.069027,0.628394
17061,0.17803,0.052783,0.200015,0.109392,0.45978
17063,0.119747,0.081039,0.106405,0.096902,0.595907
17065,0.289745,0.051433,0.092192,0.077704,0.488926
17067,0.152335,0.124756,0.14011,0.068018,0.514782
17069,0.481225,0.0,0.098626,0.030608,0.389541
17071,0.174776,0.0,0.102408,0.103773,0.619044
17073,0.104915,0.311432,0.119742,0.065888,0.398023
17075,0.244542,0.101453,0.137243,0.072832,0.44393
17077,0.204999,0.062445,0.171587,0.117104,0.443865
17079,0.081172,0.101618,0.100498,0.121482,0.59523
17081,0.174506,0.261889,0.104916,0.077467,0.381222
17083,0.163055,0.037317,0.14614,0.127654,0.525834
17085,0.118398,0.124099,0.152134,0.217517,0.387852
17087,0.180022,0.024353,0.168296,0.151053,0.476276
17089,0.110358,0.143411,0.105275,0.081174,0.559783
17091,0.182175,0.147862,0.127851,0.098999,0.443113
17093,0.063087,0.089572,0.194955,0.135417,0.516969
17095,0.195048,0.063688,0.191176,0.09657,0.453518
17099,0.09038,0.099927,0.086947,0.067462,0.655285
17097,0.11432,0.144911,0.141427,0.095647,0.503696
17101,0.106381,0.286074,0.089039,0.068074,0.450433
17103,0.175938,0.315328,0.103846,0.084708,0.32018
17105,0.11124,0.286697,0.114927,0.063994,0.423142
17107,0.165764,0.136032,0.107535,0.087461,0.503208
17115,0.200821,0.16771,0.145598,0.136571,0.349299
17117,0.121405,0.148028,0.136279,0.101004,0.493283
17119,0.084334,0.037143,0.087135,0.083886,0.707502
17121,0.143335,0.155454,0.086287,0.076846,0.538079
17123,0.148761,0.056639,0.125971,0.100176,0.568453
17125,0.137753,0.104015,0.112656,0.108203,0.537373
17127,0.225672,0.247381,0.093283,0.081389,0.352275
17109,0.165011,0.330787,0.08964,0.069517,0.345044
17111,0.235517,0.05181,0.160239,0.089364,0.463069
17113,0.23068,0.117576,0.103534,0.21736,0.330851
17129,0.066433,0.049141,0.187816,0.081196,0.615415
17131,0.149344,0.220439,0.125496,0.069198,0.435523
17133,0.096464,0.031272,0.133873,0.139858,0.598533
17135,0.173933,0.083141,0.166428,0.114261,0.462237
17137,0.140229,0.152258,0.106562,0.096419,0.504534
17139,0.116827,0.435522,0.063581,0.037483,0.346587
17141,0.101022,0.199995,0.088769,0.078602,0.531613
17143,0.181522,0.045862,0.073946,0.057743,0.640927
17145,0.256187,0.097531,0.12723,0.094612,0.42444
17147,0.169444,0.088877,0.158785,0.114678,0.468217
17149,0.208202,0.043774,0.157288,0.086372,0.504363
17151,0.425502,0.0,0.251641,0.096081,0.226775
17153,0.215582,0.0,0.187988,0.060363,0.536066
17155,0.021844,0.379997,0.070385,0.031552,0.496222
17157,0.168527,0.237609,0.107759,0.068477,0.417627
17159,0.171995,0.083522,0.100664,0.090566,0.553253
17161,0.117997,0.089756,0.089949,0.072702,0.629597
17165,0.161334,0.062698,0.151053,0.120658,0.504258
17167,0.308699,0.055869,0.152604,0.095639,0.387188
17169,0.22461,0.025789,0.116768,0.097681,0.535152
17171,0.273543,0.048215,0.139143,0.079059,0.46004
17173,0.026055,0.0,0.134285,0.078166,0.761493
17163,0.12622,0.254941,0.107749,0.088867,0.422223
17175,0.087783,0.241098,0.121268,0.01629,0.533561
17177,0.137561,0.1885,0.093072,0.066949,0.513917
17179,0.101994,0.133787,0.136557,0.122473,0.50519
17181,0.294211,0.092794,0.180431,0.100952,0.331612
17183,0.188586,0.18138,0.125425,0.079904,0.424706
17185,0.278926,0.084984,0.091744,0.083739,0.460607
17187,0.098973,0.364302,0.089254,0.069977,0.377494
17189,0.044553,0.336098,0.082456,0.045617,0.491277
17191,0.294705,0.028806,0.172249,0.098139,0.406101
17193,0.185769,0.075745,0.128015,0.080642,0.529829
17195,0.161267,0.208733,0.110696,0.070817,0.448486
17197,0.095616,0.069192,0.099413,0.084575,0.651204
17199,0.243811,0.120076,0.133206,0.100356,0.402552
17201,0.148251,0.190543,0.105296,0.081741,0.474168
17203,0.14256,0.210936,0.110598,0.098625,0.437281
18001,0.119242,0.398183,0.115969,0.076619,0.289986
18003,0.169397,0.13147,0.106733,0.079819,0.51258
18005,0.09088,0.235733,0.085475,0.070458,0.517455
18007,0.080023,0.275501,0.092285,0.039366,0.512824
18009,0.187408,0.344335,0.092459,0.08108,0.294718
18011,0.096881,0.105752,0.198862,0.080558,0.517947
18013,0.12039,0.06053,0.152072,0.28966,0.377348
18015,0.054707,0.515089,0.069774,0.092016,0.268414
18017,0.193043,0.317266,0.106288,0.078573,0.304829
18019,0.112749,0.131767,0.184407,0.099713,0.471365
18021,0.104679,0.362841,0.137554,0.08954,0.305387
18023,0.113168,0.418826,0.092371,0.069323,0.306311
18025,0.089532,0.280797,0.103201,0.105251,0.42122
18027,0.107892,0.216505,0.109036,0.074242,0.492324
18033,0.170239,0.162607,0.135194,0.176208,0.355752
18029,0.111473,0.354922,0.091534,0.079217,0.362854
18031,0.079848,0.438926,0.06372,0.065342,0.352164
18035,0.224311,0.084527,0.122538,0.108364,0.460261
18037,0.118914,0.323385,0.09205,0.039147,0.426503
18039,0.076672,0.523607,0.068759,0.04823,0.282732
18041,0.224111,0.206597,0.144112,0.113474,0.311707
18043,0.21463,0.200955,0.092643,0.105352,0.38642
18045,0.075695,0.432191,0.126634,0.087834,0.277646
18047,0.139028,0.173766,0.12338,0.13669,0.427136
18049,0.120062,0.304017,0.172959,0.084391,0.318571
18051,0.071069,0.485586,0.072257,0.053339,0.317749
18053,0.15096,0.133965,0.071473,0.063984,0.579619
18055,0.189187,0.121664,0.163962,0.119118,0.406069
18057,0.105026,0.025814,0.081703,0.094337,0.693121
18059,0.112307,0.151858,0.123788,0.089708,0.522339
18061,0.168764,0.165719,0.133562,0.214679,0.317276
18063,0.136947,0.042638,0.16721,0.107671,0.545535
18065,0.196798,0.22294,0.127689,0.095787,0.356786
18067,0.155111,0.26836,0.136004,0.119593,0.320933
18069,0.118536,0.276002,0.077867,0.084023,0.443573
18071,0.117734,0.362632,0.082626,0.065601,0.371406
18073,0.101207,0.166294,0.160646,0.094079,0.477774
18075,0.116268,0.450716,0.094748,0.068739,0.26953
18077,0.149665,0.255366,0.133739,0.088489,0.37274
18079,0.109594,0.303948,0.089264,0.053989,0.443205
18081,0.13938,0.106823,0.15602,0.109155,0.488622
18083,0.220533,0.133034,0.118556,0.100435,0.427442
18085,0.085065,0.284592,0.077861,0.054231,0.498251
18087,0.058052,0.556987,0.083937,0.049759,0.251266
18091,0.182162,0.118921,0.122038,0.104646,0.472234
18089,0.137692,0.21097,0.139151,0.149917,0.36227
18093,0.212328,0.223497,0.145871,0.092049,0.326255
18095,0.153513,0.119911,0.10142,0.096347,0.528809
18097,0.139591,0.065458,0.070369,0.074071,0.650511
18099,0.122701,0.321748,0.093235,0.084831,0.377485
18101,0.052878,0.154669,0.110702,0.06315,0.6186
18103,0.126638,0.256546,0.116619,0.107851,0.392346
18105,0.178415,0.144219,0.102336,0.134729,0.440301
18107,0.086836,0.365631,0.100406,0.090229,0.356898
18109,0.118121,0.182063,0.147498,0.11682,0.435498
18111,0.103949,0.238257,0.113952,0.148746,0.395096
18113,0.067698,0.541809,0.082296,0.058493,0.249704
18115,0.103311,0.022355,0.052236,0.58388,0.238218
18117,0.09809,0.236522,0.075696,0.083815,0.505877
18119,0.134234,0.35101,0.129223,0.090984,0.29455
18121,0.046532,0.145801,0.19319,0.086001,0.528476
18123,0.163016,0.375523,0.115896,0.094068,0.251497
18125,0.168221,0.070349,0.077706,0.080268,0.603456
18127,0.136022,0.173443,0.114157,0.102429,0.473949
18129,0.032827,0.275281,0.065655,0.042472,0.583765
18131,0.151782,0.383337,0.103012,0.053052,0.308817
18133,0.142588,0.172249,0.086074,0.083321,0.515767
18135,0.134599,0.309207,0.103164,0.098822,0.354208
18137,0.126339,0.136635,0.071999,0.04999,0.615037
18139,0.13557,0.141788,0.106251,0.087956,0.528434
18143,0.120405,0.093815,0.098926,0.072612,0.614241
18145,0.195203,0.368453,0.112423,0.09685,0.227072
18147,0.119769,0.307062,0.08316,0.0822,0.407809
18141,0.037443,0.271744,0.107359,0.038271,0.545182
18149,0.099552,0.302771,0.159631,0.118417,0.31963
18151,0.088793,0.319655,0.122213,0.080323,0.389015
18153,0.137252,0.096916,0.140514,0.131481,0.493836
18155,0.066865,0.07842,0.099012,0.557423,0.198281
18157,0.157846,0.230837,0.115074,0.114689,0.381553
18159,0.123375,0.440846,0.097716,0.086811,0.251252
18161,0.092703,0.290325,0.199891,0.089806,0.327274
18163,0.162029,0.09974,0.097275,0.090139,0.550816
18165,0.1509,0.178761,0.139553,0.133517,0.39727
18167,0.202422,0.140884,0.133176,0.11117,0.412348
18169,0.167764,0.203946,0.104488,0.077775,0.446027
18171,0.126904,0.551342,0.053289,0.024722,0.243743
18173,0.23465,0.168865,0.088036,0.069346,0.439103
18175,0.127161,0.319543,0.187014,0.073758,0.292525
18177,0.190602,0.200189,0.118285,0.099898,0.391026
18179,0.13863,0.25491,0.084226,0.049165,0.473069
18181,0.098501,0.390733,0.12217,0.073398,0.315198
18183,0.094362,0.445445,0.102213,0.072903,0.285077
19001,0.209591,0.0,0.138112,0.139929,0.512367
19003,0.250707,0.264815,0.116286,0.054409,0.313783
19005,0.218342,0.23747,0.132737,0.050257,0.361195
19007,0.174028,0.268366,0.139034,0.114609,0.303962
19009,0.172195,0.09969,0.106737,0.048356,0.573022
19011,0.157558,0.182014,0.154324,0.053851,0.452253
19013,0.149944,0.163529,0.12445,0.090332,0.471746
19015,0.191034,0.066535,0.12131,0.059948,0.561174
19017,0.171118,0.137542,0.109615,0.0534,0.528326
19019,0.179459,0.256544,0.135591,0.060983,0.367423
19021,0.109565,0.36257,0.103003,0.066671,0.358191
19023,0.182832,0.293038,0.136036,0.044983,0.343111
19025,0.268555,0.057467,0.175337,0.032848,0.465793
19027,0.174104,0.129151,0.13565,0.060015,0.50108
19029,0.173332,0.130361,0.158102,0.067629,0.470576
