FIPS,AGE019,AGE2029,AGE3039,AGE4049,AGE5064,AGE6579,AGE80PLUS
1001,0.207509,0.121896,0.169386,0.16615,0.205315,0.076601,0.053143
1003,0.194165,0.105009,0.135752,0.14957,0.231079,0.118725,0.065699
1005,0.187135,0.130402,0.168607,0.147109,0.194967,0.106419,0.065361
1007,0.175423,0.130396,0.185897,0.169277,0.20364,0.080603,0.054764
1009,0.208854,0.117434,0.1421,0.155864,0.214735,0.09891,0.062101
1011,0.182673,0.124764,0.197465,0.157962,0.195051,0.081465,0.060619
1013,0.202297,0.115638,0.138972,0.140229,0.21111,0.106168,0.085586
1015,0.203295,0.133331,0.153077,0.140886,0.213995,0.09653,0.058886
1017,0.189559,0.127772,0.129051,0.139488,0.236098,0.109803,0.068228
1019,0.174466,0.112413,0.091862,0.139609,0.265736,0.137979,0.077936
1021,0.21696,0.123624,0.144102,0.156216,0.213997,0.089377,0.055723
1023,0.185317,0.11099,0.097956,0.129859,0.257443,0.130159,0.088276
1025,0.199693,0.125434,0.113875,0.13976,0.234465,0.106434,0.080338
1027,0.186386,0.115387,0.123202,0.140878,0.244761,0.109305,0.080081
1029,0.20839,0.111373,0.132681,0.148398,0.222655,0.107976,0.068526
1031,0.210867,0.120825,0.165601,0.163869,0.192683,0.086457,0.059698
1033,0.190516,0.123018,0.147589,0.136434,0.224043,0.105368,0.073032
1035,0.192906,0.114398,0.104355,0.12317,0.245477,0.131984,0.08771
1037,0.147988,0.102721,0.097598,0.143585,0.293255,0.137963,0.07689
1039,0.200428,0.111186,0.131499,0.129335,0.230735,0.113342,0.083473
1041,0.208696,0.119096,0.132097,0.140526,0.226109,0.104359,0.069116
1043,0.202991,0.121856,0.15078,0.149334,0.213873,0.10018,0.060986
1045,0.20961,0.140904,0.175411,0.127592,0.196429,0.089687,0.060366
1047,0.221717,0.123612,0.128137,0.122333,0.234069,0.104751,0.065381
1049,0.221638,0.124249,0.130616,0.162372,0.210824,0.093856,0.056446
1051,0.196814,0.126207,0.178108,0.161035,0.209698,0.080389,0.047748
1053,0.202274,0.12752,0.157038,0.155049,0.199218,0.093246,0.065654
1055,0.196354,0.12437,0.139797,0.153516,0.219701,0.104182,0.062081
1057,0.195412,0.116728,0.127251,0.138427,0.226839,0.117951,0.077392
1059,0.226721,0.123855,0.147787,0.159321,0.196206,0.085577,0.060533
1061,0.199607,0.105855,0.131411,0.1441,0.234345,0.112072,0.07261
1063,0.206229,0.120256,0.113814,0.104758,0.226638,0.135347,0.092959
1065,0.217136,0.131348,0.128214,0.11657,0.226188,0.107043,0.073502
1067,0.18705,0.10322,0.122581,0.16244,0.216888,0.131122,0.076698
1069,0.207447,0.120334,0.16129,0.146106,0.207094,0.09384,0.063889
1071,0.188483,0.114868,0.121121,0.159711,0.234807,0.113753,0.067257
1073,0.207279,0.135479,0.186086,0.143335,0.191116,0.080108,0.056598
1075,0.197689,0.107438,0.116219,0.149422,0.226129,0.116804,0.086299
1077,0.193514,0.152441,0.1285,0.121761,0.217765,0.11103,0.074988
1079,0.196042,0.116232,0.134622,0.141791,0.248509,0.101964,0.060839
1081,0.21669,0.208187,0.168542,0.139578,0.167703,0.060755,0.038545
1083,0.193445,0.115339,0.175737,0.173198,0.220385,0.074441,0.047455
1085,0.204618,0.123753,0.134698,0.109768,0.247565,0.103553,0.076046
1087,0.206806,0.195908,0.095308,0.088871,0.214577,0.123796,0.074733
1089,0.197442,0.137322,0.179047,0.136739,0.223844,0.07177,0.053836
1091,0.207485,0.124024,0.125496,0.139288,0.219826,0.106274,0.077606
1093,0.188834,0.11267,0.125252,0.148825,0.231794,0.109222,0.083404
1095,0.231813,0.123174,0.14552,0.141663,0.209309,0.089118,0.059403
1097,0.214174,0.136715,0.171065,0.134541,0.201864,0.085655,0.055986
1099,0.195819,0.123945,0.10293,0.14284,0.240925,0.115817,0.077725
1101,0.216992,0.142418,0.184402,0.138663,0.187221,0.076972,0.053333
1103,0.207813,0.118721,0.146805,0.149554,0.223733,0.092481,0.060893
1105,0.231672,0.15393,0.096147,0.119045,0.201857,0.10877,0.088579
1107,0.175669,0.125941,0.168054,0.140121,0.222178,0.099044,0.068992
1109,0.219611,0.259919,0.110701,0.098753,0.170006,0.080016,0.060993
1111,0.199792,0.118083,0.107219,0.135526,0.249531,0.115457,0.074391
1113,0.21492,0.137988,0.187192,0.13892,0.20198,0.071617,0.047384
1117,0.196787,0.11177,0.174569,0.16101,0.216197,0.088283,0.051384
1115,0.205708,0.115917,0.161198,0.181878,0.205652,0.080415,0.049232
1119,0.214887,0.222692,0.075332,0.08703,0.208941,0.104105,0.087013
1121,0.191506,0.127658,0.151824,0.148912,0.22322,0.098508,0.058372
1123,0.189712,0.117304,0.112565,0.119212,0.258708,0.129284,0.073215
1125,0.218682,0.193518,0.176324,0.134935,0.163933,0.06754,0.045068
1127,0.204195,0.12315,0.125138,0.146266,0.227723,0.109016,0.064513
1129,0.199516,0.123034,0.115444,0.135819,0.24819,0.110547,0.067451
1131,0.222526,0.132175,0.117297,0.126838,0.211793,0.113659,0.075712
1133,0.185517,0.110477,0.109848,0.141395,0.251912,0.121037,0.079814
2013,0.056157,0.137952,0.181252,0.305555,0.258173,0.039928,0.020982
2016,0.092833,0.131444,0.221181,0.254776,0.266094,0.02558,0.008092
2020,0.211282,0.155895,0.237495,0.134586,0.174673,0.054636,0.031432
2050,0.348212,0.164988,0.195218,0.096042,0.144724,0.03427,0.016546
2060,0.171694,0.111668,0.208476,0.100169,0.259078,0.093706,0.055209
2068,0.138136,0.124409,0.225835,0.203636,0.230101,0.054824,0.023059
2070,0.301298,0.162207,0.197508,0.066816,0.193589,0.051843,0.02674
2090,0.218359,0.203082,0.239072,0.111638,0.146199,0.056142,0.025509
2100,0.164247,0.097785,0.126229,0.113843,0.297441,0.146133,0.054322
2105,0.167085,0.089794,0.108638,0.103643,0.31879,0.153782,0.058268
2110,0.184167,0.129225,0.211225,0.152093,0.21626,0.073635,0.033394
2122,0.202847,0.113944,0.167186,0.130009,0.23135,0.109947,0.044716
2130,0.188972,0.122455,0.194696,0.136026,0.226066,0.090101,0.041685
2150,0.210388,0.139793,0.262249,0.119875,0.183033,0.05744,0.02722
2158,0.424947,0.173522,0.191006,0.050166,0.122984,0.021419,0.015956
2164,0.266065,0.130262,0.16392,0.142647,0.21147,0.050964,0.034672
2170,0.233121,0.123069,0.205907,0.149386,0.195242,0.065049,0.028225
2180,0.327077,0.161168,0.205155,0.112439,0.142011,0.034593,0.017557
2185,0.240186,0.133014,0.228817,0.137962,0.218912,0.027685,0.013422
2188,0.347777,0.157126,0.193653,0.093932,0.155208,0.021748,0.030557
2195,0.193055,0.109899,0.170337,0.127391,0.234425,0.118743,0.046151
2198,0.202381,0.104955,0.150124,0.121736,0.268198,0.114575,0.038031
2220,0.178515,0.118895,0.198545,0.163413,0.208473,0.080705,0.051453
2230,0.109433,0.096553,0.314132,0.19552,0.180815,0.068648,0.0349
2240,0.231029,0.113095,0.183313,0.134636,0.214843,0.085961,0.037125
2261,0.208387,0.111422,0.192673,0.123018,0.248472,0.084893,0.031136
2275,0.181438,0.103052,0.107669,0.082279,0.285917,0.151463,0.088182
2282,0.182849,0.105301,0.169981,0.10622,0.266603,0.100091,0.068956
2290,0.266131,0.12362,0.164575,0.108314,0.203296,0.09512,0.038946
4001,0.254408,0.136068,0.152706,0.116812,0.200635,0.084474,0.054896
4003,0.204454,0.126692,0.155733,0.102374,0.194049,0.132797,0.083902
4005,0.231625,0.227474,0.16197,0.105649,0.162371,0.070548,0.040362
4007,0.189538,0.102089,0.098773,0.067835,0.249362,0.186592,0.105811
4009,0.249969,0.152223,0.195128,0.146092,0.139856,0.064536,0.052194
4011,0.242458,0.140517,0.207103,0.144698,0.154465,0.060257,0.050502
4012,0.159728,0.090993,0.064211,0.053071,0.178961,0.240772,0.212264
4013,0.212299,0.1402,0.189352,0.15239,0.176595,0.074832,0.054332
4015,0.158258,0.099868,0.09586,0.081627,0.256871,0.194394,0.113122
4017,0.246799,0.12413,0.145026,0.110943,0.202229,0.110248,0.060625
4019,0.200707,0.162685,0.146756,0.121536,0.180938,0.110674,0.076704
4021,0.20252,0.121435,0.179807,0.142491,0.168599,0.119823,0.065324
4023,0.258265,0.131404,0.122821,0.130412,0.185644,0.104439,0.067014
4025,0.156909,0.096473,0.077177,0.077129,0.266267,0.214987,0.111059
4027,0.244216,0.164028,0.166163,0.100147,0.13521,0.098164,0.092072
5001,0.211166,0.113487,0.12192,0.151642,0.220575,0.104686,0.076524
5003,0.209836,0.113933,0.110121,0.145687,0.228017,0.116465,0.075941
5005,0.168475,0.09386,0.092896,0.091067,0.244713,0.179592,0.129397
5007,0.228214,0.128519,0.218037,0.162671,0.156504,0.060569,0.045487
5009,0.207562,0.11608,0.131653,0.134742,0.217092,0.112563,0.080309
5011,0.224371,0.111798,0.14279,0.140928,0.208432,0.097882,0.073799
5013,0.171121,0.119723,0.124939,0.119678,0.265168,0.112082,0.087288
5015,0.205756,0.109267,0.116598,0.120237,0.229062,0.141459,0.077621
5017,0.20537,0.120268,0.110124,0.119152,0.2381,0.114022,0.092963
5019,0.238513,0.227306,0.097057,0.107897,0.170783,0.087946,0.070497
5021,0.196884,0.123236,0.114577,0.133739,0.233568,0.115482,0.082513
5023,0.174807,0.094428,0.10245,0.114026,0.251356,0.151402,0.11153
5025,0.196957,0.101565,0.130876,0.144958,0.234921,0.111834,0.078888
5027,0.242505,0.184797,0.114092,0.102196,0.189492,0.087859,0.07906
5029,0.206778,0.110596,0.137756,0.132073,0.235966,0.101165,0.075664
5031,0.236252,0.153102,0.196657,0.142266,0.157985,0.063974,0.049764
5033,0.219412,0.116691,0.154325,0.148665,0.213145,0.088557,0.059206
5035,0.250958,0.136078,0.158875,0.138917,0.19766,0.07093,0.046582
5037,0.213427,0.118533,0.137347,0.153098,0.212746,0.098153,0.066696
5039,0.195414,0.102676,0.12141,0.119077,0.230916,0.136594,0.093913
5041,0.243049,0.115738,0.128968,0.118233,0.22041,0.107577,0.066024
5043,0.219453,0.169926,0.133935,0.115885,0.195936,0.089727,0.075138
5045,0.218837,0.190405,0.179712,0.142553,0.164725,0.061363,0.042405
5047,0.207768,0.115763,0.132394,0.143165,0.219198,0.101667,0.080047
5049,0.197999,0.098322,0.094183,0.105323,0.251216,0.151826,0.101131
5051,0.185144,0.110525,0.128407,0.128813,0.222382,0.135512,0.089217
5053,0.196882,0.110568,0.159751,0.157777,0.218732,0.093352,0.062937
5055,0.217447,0.127504,0.165563,0.16174,0.190961,0.080782,0.056002
5057,0.237717,0.12133,0.124592,0.12625,0.218882,0.098249,0.072979
5059,0.185393,0.121682,0.149101,0.162137,0.215277,0.104111,0.062299
5061,0.241675,0.115258,0.15065,0.119636,0.207836,0.090486,0.074458
5063,0.225704,0.121486,0.150045,0.143505,0.198816,0.090374,0.070071
5065,0.164491,0.103239,0.115751,0.136481,0.237647,0.136526,0.105865
5067,0.179203,0.132712,0.182053,0.149466,0.202549,0.093764,0.060253
5069,0.20807,0.138883,0.149758,0.131426,0.213084,0.095703,0.063076
5071,0.232679,0.124039,0.159662,0.131987,0.205652,0.086929,0.059052
5073,0.171804,0.118538,0.089474,0.118423,0.270758,0.137267,0.093737
5075,0.213168,0.129485,0.137807,0.128726,0.212893,0.097788,0.080133
5077,0.158755,0.139079,0.176704,0.147613,0.199877,0.101836,0.076135
5079,0.144692,0.154479,0.22498,0.166027,0.18267,0.067678,0.059474
5081,0.205337,0.113094,0.122357,0.147539,0.221564,0.118339,0.071771
5083,0.195815,0.11152,0.119567,0.146193,0.245648,0.108954,0.072303
5085,0.222582,0.123807,0.193618,0.161944,0.186265,0.066836,0.044947
5087,0.21091,0.112513,0.137525,0.135779,0.231402,0.106533,0.065339
5089,0.176546,0.086673,0.08184,0.097165,0.285638,0.178477,0.09366
5091,0.212008,0.125243,0.161924,0.14932,0.205432,0.086337,0.059737
5093,0.242064,0.135544,0.155827,0.136695,0.202732,0.073876,0.053261
5095,0.204737,0.117383,0.085707,0.102508,0.262539,0.130242,0.096884
5097,0.175516,0.101252,0.062882,0.101867,0.293075,0.158742,0.106666
5099,0.208381,0.109819,0.120041,0.132923,0.234875,0.110874,0.083086
5101,0.183153,0.096457,0.10477,0.105136,0.253068,0.165241,0.092175
5103,0.205924,0.113772,0.127425,0.119165,0.240656,0.114553,0.078503
5105,0.197952,0.107876,0.12273,0.142514,0.245817,0.113121,0.069989
5107,0.251458,0.123663,0.111239,0.106858,0.223091,0.111899,0.071792
5109,0.198214,0.114308,0.112785,0.159898,0.231148,0.106981,0.076666
5111,0.218603,0.121745,0.143827,0.141585,0.215302,0.097031,0.061909
5113,0.214162,0.111019,0.100305,0.12325,0.231394,0.135312,0.084559
5115,0.228182,0.155733,0.162184,0.123904,0.188727,0.081606,0.059664
5117,0.190017,0.107052,0.110697,0.115554,0.249124,0.124746,0.102809
5119,0.207619,0.138529,0.187769,0.142018,0.190014,0.080158,0.053892
5121,0.221672,0.118121,0.156231,0.127793,0.19923,0.098266,0.078687
5125,0.182103,0.126824,0.212364,0.157878,0.18734,0.082174,0.051316
5127,0.20548,0.11144,0.175506,0.163273,0.191992,0.094987,0.057322
5129,0.218729,0.112427,0.129222,0.107947,0.240965,0.113673,0.077037
5131,0.184571,0.095238,0.105033,0.115129,0.25783,0.144446,0.097754
5133,0.218502,0.134443,0.16396,0.141601,0.201147,0.082799,0.057547
5135,0.269047,0.135733,0.138762,0.140786,0.183277,0.074819,0.057576
5123,0.194503,0.104028,0.090375,0.117991,0.246034,0.150443,0.096625
5137,0.183283,0.101647,0.083732,0.104639,0.253761,0.162326,0.110613
5139,0.218813,0.119733,0.142885,0.139496,0.216881,0.096202,0.06599
5141,0.18076,0.091323,0.092714,0.122947,0.260201,0.150587,0.101468
5143,0.234971,0.187662,0.197961,0.142118,0.142007,0.053977,0.041306
5145,0.224472,0.141183,0.147968,0.14028,0.202985,0.083654,0.059456
5147,0.202235,0.109384,0.0944,0.143316,0.219966,0.136985,0.093714
5149,0.222171,0.120933,0.128074,0.147858,0.221678,0.088581,0.070705
6001,0.173002,0.124306,0.246329,0.170296,0.176308,0.061597,0.048161
6003,0.190942,0.130635,0.072777,0.095092,0.274335,0.174691,0.061529
6005,0.135766,0.092156,0.136434,0.140093,0.250306,0.15917,0.086076
6007,0.205698,0.189073,0.152044,0.111443,0.179197,0.096299,0.066245
6009,0.159666,0.091978,0.105006,0.09043,0.286156,0.174727,0.092036
6011,0.252847,0.135777,0.18158,0.125762,0.177052,0.074048,0.052934
6013,0.198001,0.11491,0.17197,0.170876,0.209924,0.077799,0.05652
6015,0.183776,0.118275,0.201018,0.141894,0.201129,0.097387,0.056521
6017,0.179863,0.098101,0.122269,0.135334,0.26833,0.125822,0.070281
6019,0.260328,0.150241,0.204978,0.134717,0.148885,0.055534,0.045316
6021,0.250966,0.134988,0.168616,0.118403,0.185922,0.082411,0.058693
6023,0.185768,0.164511,0.165839,0.143502,0.180679,0.102895,0.056806
6025,0.268163,0.151343,0.196331,0.123069,0.14869,0.058582,0.053822
6027,0.187284,0.096483,0.156233,0.11465,0.226246,0.126058,0.093046
6029,0.265809,0.154813,0.20727,0.136016,0.149906,0.049537,0.036648
6031,0.242977,0.168136,0.232935,0.146963,0.129945,0.040522,0.038523
6033,0.198054,0.104253,0.137966,0.108099,0.242485,0.134926,0.074215
6035,0.153114,0.157981,0.241753,0.161074,0.163046,0.075304,0.047728
6037,0.187802,0.142483,0.213017,0.159681,0.184714,0.060678,0.051626
6039,0.254277,0.140205,0.182618,0.142888,0.161446,0.070787,0.047779
6041,0.178998,0.086567,0.097264,0.168384,0.260935,0.123172,0.084681
6043,0.153141,0.100498,0.123059,0.090068,0.266387,0.167253,0.099593
6045,0.196566,0.107101,0.142414,0.138474,0.207487,0.137795,0.070163
6047,0.283111,0.154743,0.191346,0.133336,0.146703,0.049655,0.041108
6049,0.184217,0.098097,0.108572,0.098757,0.242096,0.16877,0.099491
6051,0.154473,0.13354,0.204997,0.142418,0.234332,0.086694,0.043546
6053,0.241076,0.140606,0.189883,0.147067,0.163947,0.065021,0.052401
6055,0.183785,0.120468,0.153213,0.153098,0.215072,0.099454,0.07491
6057,0.156262,0.088527,0.118632,0.12263,0.252783,0.170185,0.090981
6059,0.194428,0.134738,0.179675,0.158528,0.206605,0.069353,0.056673
6061,0.197689,0.101607,0.15191,0.16415,0.209953,0.101631,0.07306
6063,0.168596,0.085777,0.112686,0.085303,0.26582,0.191181,0.090635
6065,0.227191,0.138077,0.184256,0.149913,0.17733,0.069062,0.054172
6067,0.20571,0.134683,0.216891,0.148029,0.179474,0.066233,0.048979
6069,0.229217,0.129529,0.195477,0.156096,0.186314,0.059617,0.043751
6071,0.237793,0.152113,0.201421,0.147754,0.169856,0.053106,0.037956
6073,0.192315,0.150308,0.22076,0.146424,0.173608,0.065016,0.05157
6075,0.109389,0.141414,0.318557,0.149952,0.156964,0.064134,0.05959
6077,0.245672,0.139623,0.189311,0.152309,0.168896,0.058773,0.045416
6079,0.190071,0.167208,0.139144,0.112463,0.199552,0.117917,0.073645
6081,0.170549,0.116555,0.213785,0.167595,0.195916,0.073494,0.062106
6083,0.232376,0.191611,0.156436,0.113412,0.16476,0.07498,0.066425
6085,0.18522,0.132475,0.225194,0.167531,0.180447,0.056817,0.052315
6087,0.201217,0.166871,0.139964,0.134753,0.206133,0.096251,0.054812
6089,0.198665,0.11811,0.168345,0.112811,0.215769,0.114745,0.071554
6091,0.158176,0.073686,0.077236,0.119746,0.282642,0.194399,0.094114
6093,0.19305,0.100013,0.123633,0.0978,0.239753,0.164507,0.081245
6095,0.196137,0.132123,0.196326,0.138785,0.202057,0.081895,0.052677
6097,0.177039,0.115424,0.167514,0.14219,0.220275,0.111142,0.066415
6099,0.247764,0.141222,0.19325,0.14193,0.168031,0.060877,0.046926
6101,0.235249,0.135768,0.177057,0.134516,0.181059,0.075063,0.061289
6103,0.221419,0.118355,0.144862,0.117763,0.217729,0.106809,0.073061
6105,0.162638,0.084554,0.08924,0.120159,0.276042,0.181202,0.086166
6107,0.286083,0.149398,0.19154,0.137848,0.142913,0.050759,0.041459
6109,0.155266,0.109553,0.146747,0.112022,0.229608,0.156052,0.090751
6111,0.204992,0.13383,0.166069,0.147397,0.210309,0.078103,0.059301
6113,0.233942,0.22102,0.165498,0.12199,0.148925,0.060039,0.048586
6115,0.250735,0.148772,0.217479,0.121597,0.159174,0.063134,0.039108
8001,0.225044,0.13857,0.239894,0.166162,0.154826,0.044266,0.031239
8003,0.257973,0.18822,0.177785,0.100929,0.151203,0.074403,0.049487
8005,0.199191,0.131288,0.222189,0.16785,0.175918,0.062398,0.041165
8007,0.163505,0.080518,0.121793,0.112368,0.283159,0.17455,0.064107
8009,0.205645,0.106279,0.120164,0.094735,0.219587,0.129652,0.123938
8011,0.133579,0.144358,0.200653,0.176972,0.183021,0.090113,0.071304
8013,0.187367,0.174146,0.167929,0.154164,0.192743,0.075321,0.04833
8014,0.186803,0.130939,0.206359,0.188677,0.174433,0.066824,0.045965
8015,0.132697,0.10244,0.171453,0.1366,0.233482,0.149327,0.074001
8017,0.219516,0.100682,0.133512,0.118939,0.216132,0.106857,0.104362
8019,0.124382,0.082615,0.171474,0.158943,0.299552,0.122804,0.040229
8021,0.24263,0.120952,0.128346,0.108105,0.216307,0.110941,0.07272
8023,0.187949,0.096522,0.103414,0.085566,0.278781,0.163785,0.083983
8025,0.094091,0.16886,0.261107,0.228793,0.150847,0.055362,0.040941
8027,0.1343,0.078335,0.05634,0.076895,0.337162,0.237392,0.079576
8029,0.186025,0.097602,0.109654,0.108756,0.243343,0.161676,0.092944
8031,0.155614,0.161954,0.325351,0.153959,0.12025,0.046775,0.036097
8033,0.176902,0.088,0.121826,0.108314,0.267835,0.150297,0.086826
8035,0.21514,0.103389,0.169969,0.208227,0.210181,0.058308,0.034786
8037,0.179376,0.116379,0.217913,0.201814,0.198175,0.063034,0.023309
8041,0.189804,0.090409,0.113397,0.158204,0.309704,0.099461,0.039022
8039,0.216865,0.163122,0.213212,0.134181,0.169168,0.062134,0.041318
8043,0.140001,0.11678,0.189392,0.146313,0.217557,0.118367,0.07159
8045,0.222546,0.119739,0.193632,0.162996,0.194696,0.069238,0.037153
8047,0.118869,0.074665,0.13711,0.215635,0.324709,0.104279,0.024733
8049,0.142945,0.111142,0.180795,0.152019,0.269883,0.108826,0.03439
8051,0.174361,0.197181,0.189289,0.157292,0.177318,0.073328,0.031232
8053,0.153799,0.112514,0.071317,0.122659,0.254697,0.203413,0.081601
8055,0.156445,0.081029,0.078646,0.084321,0.285763,0.200477,0.11332
8057,0.151191,0.074526,0.152742,0.16912,0.248874,0.131636,0.071911
8059,0.166772,0.120199,0.219348,0.152456,0.20668,0.082836,0.051708
8061,0.223249,0.111109,0.112462,0.079022,0.241976,0.118453,0.113728
8063,0.237787,0.106305,0.158805,0.105004,0.206472,0.098803,0.086825
8067,0.180702,0.148656,0.225639,0.157869,0.183215,0.068546,0.035373
8065,0.172153,0.118072,0.186404,0.149948,0.220033,0.105801,0.04759
8069,0.190249,0.185453,0.180724,0.134477,0.172664,0.085136,0.051296
8071,0.178577,0.124798,0.120438,0.108012,0.234284,0.14743,0.08646
8073,0.174219,0.138763,0.216001,0.126858,0.193456,0.078337,0.072366
8075,0.17085,0.149859,0.202324,0.134115,0.18485,0.084402,0.073599
8077,0.199042,0.125165,0.173018,0.127131,0.199919,0.106165,0.06956
8079,0.131619,0.072205,0.166602,0.091604,0.257743,0.19128,0.088947
8081,0.228196,0.116542,0.175588,0.133399,0.212495,0.083642,0.050139
8083,0.198598,0.102061,0.137685,0.114344,0.234695,0.13952,0.073097
8085,0.19595,0.102075,0.128614,0.115518,0.229256,0.137924,0.090663
8087,0.23629,0.134134,0.188971,0.123143,0.180998,0.070599,0.065864
8089,0.230254,0.117928,0.144616,0.121398,0.194435,0.106536,0.084833
8091,0.135756,0.064988,0.095224,0.137089,0.313306,0.191029,0.062607
8093,0.130548,0.070498,0.122015,0.145814,0.359319,0.138876,0.03293
8095,0.234141,0.094984,0.146496,0.1065,0.194164,0.10056,0.123155
8097,0.128695,0.113907,0.187136,0.161771,0.243001,0.115349,0.050141
8099,0.256527,0.126799,0.136288,0.122212,0.189426,0.098173,0.070576
8101,0.20731,0.12872,0.165735,0.13302,0.197648,0.098576,0.068992
8103,0.229905,0.115452,0.183287,0.116796,0.211206,0.0829,0.060453
8105,0.208012,0.118136,0.151813,0.124022,0.204644,0.120891,0.072481
8107,0.151855,0.109138,0.202506,0.181366,0.229198,0.08983,0.036108
8109,0.187391,0.082776,0.0967,0.133505,0.276283,0.167778,0.055566
8111,0.101895,0.078131,0.171258,0.185995,0.253626,0.147205,0.061889
8113,0.13947,0.106595,0.208552,0.195073,0.239102,0.088574,0.022634
8115,0.178172,0.090706,0.126766,0.10031,0.221455,0.152133,0.130458
8117,0.129647,0.136366,0.257879,0.174604,0.204416,0.074383,0.022704
8119,0.152158,0.086227,0.109455,0.122079,0.333326,0.153145,0.04361
8121,0.206325,0.110632,0.153427,0.115331,0.223027,0.109762,0.081497
8123,0.232412,0.132467,0.225691,0.154036,0.161815,0.056493,0.037086
8125,0.254728,0.113211,0.162809,0.116627,0.182774,0.09254,0.077311
9001,0.202218,0.118689,0.143058,0.159716,0.23658,0.074602,0.065136
9003,0.189786,0.128396,0.171772,0.141306,0.218365,0.082172,0.068203
9005,0.1627,0.106702,0.117451,0.123761,0.291454,0.120251,0.077681
9007,0.160091,0.117493,0.137389,0.124552,0.272677,0.109091,0.078707
9009,0.18811,0.134493,0.164153,0.134387,0.224262,0.08642,0.068175
9011,0.180584,0.139889,0.154182,0.120505,0.23904,0.097005,0.068795
9013,0.196561,0.194259,0.126446,0.110256,0.227601,0.084658,0.060219
9015,0.183797,0.125652,0.158782,0.142139,0.243922,0.086646,0.059063
10001,0.217,0.140497,0.16791,0.123906,0.198896,0.09311,0.058681
10003,0.1962,0.129594,0.18788,0.13931,0.213695,0.077846,0.055474
10005,0.173918,0.09927,0.097845,0.088255,0.263903,0.188638,0.088171
11001,0.160587,0.171766,0.32562,0.130039,0.12163,0.047446,0.042911
12001,0.20056,0.246162,0.17798,0.103471,0.144913,0.075216,0.051698
12003,0.207852,0.130546,0.195405,0.162253,0.190828,0.066545,0.046572
12005,0.181499,0.118799,0.169363,0.138092,0.235601,0.093559,0.063087
12007,0.167666,0.139454,0.195058,0.157084,0.189853,0.087033,0.063853
12009,0.167181,0.10899,0.128023,0.113139,0.260564,0.127365,0.09474
12011,0.183361,0.116251,0.177499,0.164672,0.214925,0.079174,0.064118
12013,0.17354,0.120906,0.172168,0.166767,0.206917,0.089803,0.069899
12015,0.116049,0.081587,0.043098,0.055666,0.278117,0.252025,0.173458
12017,0.143607,0.087204,0.059717,0.070696,0.262811,0.227349,0.148615
12019,0.205554,0.112504,0.170862,0.158577,0.22123,0.084327,0.046946
12021,0.160341,0.097358,0.089707,0.100629,0.216217,0.18138,0.154368
12023,0.198412,0.129676,0.16192,0.131253,0.209187,0.102945,0.066606
12027,0.172358,0.133246,0.181239,0.130404,0.177344,0.112178,0.093231
12029,0.164092,0.107257,0.143893,0.12854,0.241429,0.131823,0.082965
12031,0.200109,0.144665,0.215833,0.134467,0.190261,0.068988,0.045676
12033,0.205009,0.159487,0.173131,0.111274,0.203478,0.088778,0.058844
12035,0.159058,0.091985,0.080534,0.109089,0.257248,0.191266,0.11082
12037,0.134824,0.127419,0.176318,0.126145,0.229389,0.141712,0.064192
12039,0.195973,0.123639,0.135699,0.152843,0.227853,0.099669,0.064323
12041,0.201124,0.136173,0.122624,0.112992,0.236803,0.111965,0.078318
12043,0.129748,0.107142,0.16234,0.136258,0.197892,0.143341,0.123279
12045,0.172443,0.104617,0.097693,0.110043,0.278223,0.153256,0.083725
12047,0.177417,0.166586,0.150196,0.139649,0.20916,0.097797,0.059195
12049,0.247729,0.150357,0.147733,0.137305,0.164842,0.082919,0.069114
12051,0.245404,0.137847,0.179812,0.146483,0.177209,0.06283,0.050416
12053,0.170188,0.103119,0.115079,0.118446,0.234421,0.153337,0.105411
12055,0.163074,0.097617,0.087975,0.070551,0.200381,0.204456,0.175946
12057,0.194951,0.133553,0.206567,0.16517,0.185215,0.067169,0.047375
12059,0.182347,0.128058,0.148316,0.147139,0.21715,0.102061,0.07493
12061,0.150244,0.094865,0.079089,0.081663,0.248478,0.198418,0.147244
12063,0.16915,0.120977,0.173654,0.161582,0.198708,0.101427,0.074502
12065,0.149732,0.097496,0.134186,0.155805,0.252734,0.131911,0.078136
12067,0.179126,0.14481,0.163408,0.196839,0.173335,0.084622,0.05786
12069,0.175437,0.104056,0.128716,0.124661,0.21361,0.149584,0.103936
12071,0.163941,0.106621,0.118602,0.108887,0.221511,0.166055,0.114385
12073,0.212312,0.248863,0.159838,0.108202,0.151834,0.072677,0.046272
12075,0.181201,0.105991,0.116688,0.112294,0.252233,0.150352,0.081241
12077,0.144063,0.146398,0.215718,0.200071,0.177722,0.069338,0.046691
12079,0.165998,0.124064,0.163018,0.14911,0.215508,0.11447,0.067832
12081,0.166214,0.10164,0.109974,0.112919,0.237596,0.158413,0.113244
12083,0.176626,0.108769,0.117627,0.101001,0.214553,0.168978,0.112446
12085,0.151229,0.09106,0.084864,0.096498,0.255332,0.171228,0.14979
12086,0.177033,0.120371,0.184212,0.176429,0.203513,0.071798,0.066643
12087,0.135269,0.101845,0.150178,0.147696,0.267827,0.127808,0.069376
12089,0.178004,0.10004,0.141281,0.134392,0.246639,0.132529,0.067115
12091,0.200227,0.147577,0.207164,0.116763,0.193507,0.079373,0.055389
12093,0.19143,0.119365,0.157203,0.155889,0.197236,0.099832,0.079044
12095,0.193598,0.151949,0.222457,0.171084,0.169677,0.052201,0.039034
12097,0.213537,0.133337,0.201014,0.184497,0.166194,0.060638,0.040783
12099,0.17342,0.110289,0.140523,0.133847,0.209709,0.116563,0.115649
12101,0.182815,0.103702,0.146002,0.15296,0.213422,0.117595,0.083505
12103,0.142077,0.106309,0.138646,0.122265,0.256989,0.130668,0.103047
12105,0.203058,0.127345,0.167455,0.13774,0.184486,0.105796,0.07412
12107,0.200773,0.116027,0.114271,0.104965,0.244971,0.136904,0.08209
12113,0.194729,0.08698,0.135614,0.17962,0.227094,0.112487,0.063476
12115,0.181176,0.110298,0.131082,0.125674,0.221985,0.13388,0.095906
12117,0.192068,0.118663,0.186626,0.155469,0.218299,0.081849,0.047026
12109,0.13709,0.087167,0.059274,0.078633,0.248262,0.216014,0.173559
12111,0.180776,0.126176,0.199127,0.167754,0.197825,0.074265,0.054078
12119,0.075463,0.057618,0.004795,0.0,0.19431,0.448386,0.219429
12121,0.19287,0.118599,0.143611,0.123732,0.223918,0.114488,0.082782
12123,0.176945,0.129387,0.170129,0.139321,0.202032,0.110515,0.071671
12125,0.176231,0.136415,0.1921,0.157781,0.220094,0.072115,0.045265
12127,0.166028,0.116469,0.129685,0.114286,0.242699,0.137259,0.093574
12129,0.17613,0.10968,0.191794,0.184294,0.218339,0.080836,0.038927
12131,0.179675,0.097581,0.156972,0.14484,0.252332,0.112113,0.056487
12133,0.175712,0.132298,0.174857,0.161088,0.214678,0.090808,0.05056
13001,0.226711,0.125076,0.131878,0.146036,0.213797,0.095227,0.061276
13003,0.237483,0.133617,0.169129,0.151389,0.198599,0.066727,0.043055
13005,0.231807,0.122806,0.143356,0.176623,0.181225,0.090283,0.0539
13007,0.178962,0.114364,0.104022,0.114276,0.254385,0.141466,0.092525
13009,0.218269,0.194546,0.123336,0.114117,0.201755,0.091764,0.056214
13011,0.196099,0.12038,0.139803,0.16796,0.228317,0.099233,0.048208
13013,0.225029,0.129429,0.206545,0.168382,0.175502,0.059378,0.035735
13015,0.210965,0.129876,0.169633,0.160587,0.21636,0.070932,0.041647
13017,0.226217,0.116749,0.153171,0.133321,0.216793,0.095674,0.058076
13019,0.216105,0.118102,0.149551,0.142984,0.223535,0.089052,0.060671
13021,0.231018,0.150278,0.163453,0.127814,0.188868,0.081141,0.057428
13023,0.231889,0.15117,0.116794,0.128272,0.211773,0.08429,0.07581
13025,0.210729,0.120897,0.136442,0.155554,0.231608,0.090632,0.054139
13027,0.198233,0.113119,0.133034,0.130998,0.251038,0.11357,0.060007
13029,0.254232,0.109113,0.241282,0.183495,0.136385,0.043791,0.031702
13031,0.250466,0.243332,0.159222,0.104971,0.146545,0.05643,0.039034
13033,0.237649,0.124981,0.141939,0.133673,0.222177,0.09017,0.049411
13035,0.181568,0.146351,0.187313,0.156527,0.201595,0.077127,0.049519
13037,0.142877,0.137343,0.210215,0.199977,0.179885,0.068427,0.061277
13039,0.225338,0.179854,0.205942,0.100498,0.173959,0.075512,0.038895
13043,0.234829,0.117898,0.139837,0.140728,0.201828,0.106045,0.058835
13045,0.232061,0.161235,0.164303,0.145522,0.183918,0.068258,0.044703
13047,0.20106,0.113445,0.150539,0.169975,0.210646,0.092975,0.06136
13049,0.154985,0.151425,0.214073,0.160329,0.193438,0.072045,0.053705
13051,0.197507,0.159342,0.201669,0.127711,0.179949,0.080218,0.053605
13053,0.259503,0.417606,0.285536,0.014897,0.0,0.0,0.022458
13055,0.204041,0.127465,0.143494,0.154443,0.21619,0.092873,0.061494
13057,0.210504,0.112736,0.159701,0.1879,0.214065,0.076083,0.039011
13059,0.213834,0.289803,0.185271,0.102145,0.114874,0.054818,0.039254
13061,0.191507,0.101459,0.121044,0.097133,0.220656,0.170894,0.097306
13063,0.250436,0.152774,0.197862,0.155575,0.176764,0.043452,0.023138
13065,0.228909,0.127966,0.155542,0.149804,0.198695,0.090204,0.048879
13067,0.203246,0.132474,0.196991,0.178398,0.193465,0.058998,0.036428
13069,0.22283,0.147153,0.181569,0.155442,0.180177,0.069625,0.043204
13071,0.23493,0.129135,0.163518,0.155203,0.181035,0.080508,0.055672
13073,0.220772,0.118629,0.204284,0.167571,0.179867,0.067461,0.041415
13075,0.230613,0.124098,0.14404,0.159904,0.199734,0.083101,0.05851
13077,0.210392,0.117956,0.16045,0.176239,0.22249,0.071353,0.041121
13079,0.18308,0.105522,0.131956,0.136385,0.279967,0.109838,0.053251
13081,0.220448,0.120173,0.140222,0.126948,0.214925,0.10587,0.071413
13083,0.194675,0.140386,0.126188,0.134492,0.226187,0.11316,0.064912
13085,0.183423,0.121643,0.14071,0.143255,0.240047,0.118703,0.052219
13089,0.226211,0.133267,0.146234,0.145494,0.202815,0.085198,0.06078
13087,0.198486,0.137806,0.229444,0.161665,0.175281,0.058297,0.039022
13091,0.172112,0.119119,0.155739,0.170917,0.222508,0.092647,0.066958
13093,0.147906,0.11813,0.141679,0.176574,0.232326,0.114481,0.068905
13095,0.23542,0.155764,0.152535,0.124442,0.185577,0.086502,0.05976
13097,0.229765,0.131489,0.156724,0.189974,0.203963,0.055625,0.032459
13099,0.232847,0.117031,0.117948,0.141028,0.215359,0.099544,0.076243
13101,0.240288,0.110263,0.190579,0.180352,0.172947,0.058354,0.047218
13103,0.2308,0.118931,0.204949,0.172428,0.18617,0.054439,0.032283
13105,0.202229,0.120963,0.134867,0.12465,0.224039,0.113412,0.079841
13107,0.232432,0.132532,0.173241,0.130581,0.192161,0.085,0.054053
13109,0.24559,0.124416,0.154963,0.136133,0.198364,0.082443,0.058091
13111,0.152794,0.090767,0.072421,0.1056,0.290125,0.191149,0.097144
13113,0.215528,0.106684,0.098406,0.160409,0.252902,0.10448,0.061591
13115,0.219768,0.135765,0.157938,0.143405,0.196682,0.085444,0.060999
13117,0.229453,0.089627,0.158302,0.24291,0.190648,0.053299,0.035761
13119,0.213161,0.136045,0.130874,0.128599,0.220451,0.104524,0.066345
13121,0.189166,0.153241,0.223702,0.172084,0.173888,0.050528,0.037392
13123,0.174994,0.101643,0.085633,0.131971,0.266867,0.161628,0.077264
13125,0.194307,0.114566,0.107877,0.180345,0.243984,0.090486,0.068435
13127,0.198334,0.119175,0.138211,0.137556,0.220395,0.116493,0.069836
13129,0.215846,0.127298,0.156732,0.169798,0.2062,0.076395,0.047729
13131,0.228121,0.111474,0.145964,0.134008,0.215289,0.100615,0.064529
13133,0.177149,0.099824,0.098588,0.088778,0.25485,0.191918,0.088894
13135,0.235454,0.128056,0.178043,0.193011,0.191984,0.04519,0.028262
13137,0.210638,0.135462,0.148022,0.141975,0.20264,0.099052,0.062212
13139,0.226344,0.133737,0.15615,0.157772,0.195541,0.077933,0.052523
13141,0.137972,0.134653,0.15804,0.115376,0.244021,0.133278,0.07666
13143,0.217075,0.122495,0.161761,0.155996,0.208311,0.081846,0.052516
13145,0.195115,0.103198,0.132335,0.164967,0.246761,0.106186,0.051438
13147,0.190209,0.114595,0.119204,0.131573,0.240578,0.125823,0.078019
13149,0.204923,0.123963,0.140935,0.151535,0.233562,0.091371,0.05371
13151,0.227585,0.129148,0.155198,0.19079,0.209261,0.05615,0.031869
13153,0.227792,0.133813,0.203156,0.148068,0.185744,0.05993,0.041497
13155,0.187577,0.142666,0.166363,0.164161,0.182008,0.087117,0.070108
13157,0.221731,0.114761,0.185485,0.174182,0.19109,0.070717,0.042034
13159,0.210185,0.106479,0.147376,0.139619,0.246596,0.094664,0.055082
13161,0.239753,0.120537,0.15164,0.153482,0.200163,0.084102,0.050324
13163,0.216782,0.126032,0.151747,0.128508,0.214961,0.101616,0.060355
13165,0.186356,0.153465,0.17546,0.15527,0.187191,0.085365,0.056893
13167,0.163028,0.120381,0.160097,0.180545,0.211697,0.095846,0.068406
13169,0.209047,0.115626,0.137485,0.159298,0.22583,0.095205,0.057508
13171,0.225236,0.144809,0.144251,0.127269,0.209698,0.092012,0.056726
13173,0.214471,0.132777,0.193882,0.138264,0.205168,0.07195,0.043489
13175,0.226822,0.123654,0.148196,0.138952,0.203323,0.092662,0.06639
13177,0.231033,0.109989,0.199536,0.186089,0.175708,0.063725,0.03392
13179,0.270648,0.242518,0.222805,0.079119,0.114174,0.044443,0.026294
13181,0.17216,0.112183,0.115353,0.111249,0.260612,0.146021,0.082423
13183,0.234704,0.132161,0.231817,0.166452,0.164511,0.04118,0.029175
13185,0.248196,0.21288,0.178861,0.110476,0.144432,0.060991,0.044165
13187,0.211065,0.196135,0.109562,0.111909,0.210915,0.10632,0.054095
13193,0.232866,0.12306,0.135186,0.12844,0.220196,0.101766,0.058485
13195,0.145041,0.108352,0.082137,0.116996,0.282055,0.169515,0.095904
13197,0.167935,0.147789,0.176015,0.141454,0.218312,0.1016,0.046895
13189,0.209305,0.122108,0.145766,0.153287,0.222459,0.094464,0.05261
13191,0.189697,0.11339,0.115975,0.128802,0.270071,0.114546,0.067519
13199,0.19538,0.122747,0.132875,0.120316,0.243462,0.11406,0.07116
13201,0.212801,0.109526,0.120088,0.121128,0.224482,0.107924,0.104051
13205,0.199815,0.132965,0.161105,0.156362,0.205824,0.084831,0.059099
13207,0.186968,0.117471,0.142024,0.151686,0.23421,0.100321,0.067321
13209,0.2,0.148661,0.150269,0.138121,0.211329,0.092559,0.059061
13211,0.205962,0.109052,0.131696,0.139939,0.229917,0.110338,0.073095
13213,0.219805,0.127764,0.150848,0.16296,0.216322,0.078721,0.04358
13215,0.227175,0.155595,0.210124,0.13065,0.164158,0.063812,0.048486
13217,0.238414,0.131819,0.152887,0.175822,0.19694,0.064712,0.039407
13219,0.23749,0.091869,0.132242,0.206305,0.202155,0.081372,0.048567
13221,0.185344,0.114694,0.152968,0.142558,0.238989,0.1011,0.064347
13223,0.225208,0.122787,0.185276,0.194815,0.194711,0.048693,0.02851
13225,0.221084,0.15466,0.146935,0.1143,0.221935,0.088526,0.052561
13227,0.180185,0.109971,0.118071,0.134125,0.261216,0.132888,0.063544
13229,0.224267,0.119276,0.142679,0.157725,0.209121,0.091828,0.055104
13231,0.208292,0.112583,0.145389,0.182589,0.220021,0.081817,0.049309
13233,0.231435,0.126575,0.172561,0.137948,0.20163,0.079432,0.050419
13235,0.162164,0.116039,0.152356,0.144805,0.218817,0.117814,0.088006
13237,0.185403,0.106091,0.115667,0.101606,0.265384,0.152243,0.073606
13239,0.18037,0.084571,0.065469,0.087428,0.267524,0.200216,0.114422
13241,0.154341,0.103569,0.101316,0.124891,0.25625,0.171854,0.087778
13243,0.202539,0.11965,0.099811,0.082031,0.241276,0.142262,0.112432
13245,0.217273,0.169394,0.197109,0.113116,0.18352,0.071814,0.047773
13247,0.223906,0.131052,0.130665,0.160001,0.233434,0.077608,0.043334
13249,0.216861,0.100589,0.123629,0.187984,0.221688,0.090697,0.058552
13251,0.190607,0.122687,0.136914,0.138368,0.2407,0.109713,0.061012
13253,0.191923,0.115306,0.107763,0.122456,0.243684,0.135943,0.082925
13255,0.216386,0.133562,0.16032,0.128723,0.200022,0.100752,0.060235
13257,0.217581,0.134241,0.128935,0.125375,0.216708,0.114609,0.062551
13259,0.09192,0.228547,0.3377,0.114533,0.116217,0.059079,0.052005
13261,0.233112,0.175808,0.128263,0.112506,0.196072,0.09605,0.058189
13263,0.151901,0.106394,0.090379,0.112941,0.301918,0.157655,0.078812
13265,0.15464,0.097759,0.107877,0.109136,0.257714,0.160204,0.11267
13267,0.177061,0.147287,0.207196,0.16864,0.183119,0.071068,0.045629
13269,0.18428,0.115893,0.106231,0.157126,0.245115,0.114553,0.076803
13271,0.135146,0.118721,0.215787,0.186176,0.18968,0.084789,0.069702
13273,0.215014,0.131545,0.143485,0.102505,0.224888,0.111363,0.071199
13275,0.218395,0.121211,0.145709,0.130689,0.218595,0.098879,0.066522
13277,0.241246,0.140222,0.168908,0.140713,0.178707,0.076079,0.054124
13279,0.243685,0.125562,0.15818,0.137358,0.186511,0.084755,0.063949
13281,0.181796,0.119838,0.025708,0.055489,0.244646,0.226764,0.145759
13283,0.215077,0.141982,0.155301,0.127532,0.19933,0.092994,0.067783
13285,0.224534,0.140095,0.168621,0.139663,0.19999,0.075384,0.051712
13287,0.234004,0.136496,0.150134,0.121868,0.183503,0.099472,0.074524
13289,0.174831,0.100952,0.107178,0.125394,0.282875,0.135326,0.073444
13291,0.149488,0.090211,0.055949,0.081302,0.284591,0.219198,0.119261
13293,0.206826,0.129429,0.126846,0.141799,0.231712,0.099595,0.063793
13295,0.192032,0.118684,0.147285,0.161465,0.217549,0.096825,0.06616
13297,0.219111,0.122354,0.151499,0.165717,0.210429,0.08055,0.05034
13299,0.224292,0.132689,0.161597,0.137505,0.189749,0.086182,0.067986
13301,0.187451,0.113621,0.112988,0.114171,0.263219,0.12834,0.08021
13303,0.194643,0.131096,0.162444,0.132369,0.226432,0.089698,0.063319
13305,0.21411,0.121643,0.182758,0.152867,0.195931,0.081063,0.051628
13307,0.178951,0.119392,0.068565,0.126893,0.281485,0.126837,0.097876
13309,0.140789,0.162018,0.212446,0.201963,0.167225,0.068872,0.046686
13311,0.192503,0.1226,0.101835,0.133487,0.238838,0.133161,0.077576
13313,0.23638,0.137066,0.164054,0.157457,0.186242,0.06766,0.051141
13315,0.161948,0.136506,0.189752,0.17886,0.177188,0.085948,0.069797
13317,0.193564,0.110188,0.112804,0.111119,0.247417,0.126966,0.097942
13319,0.206665,0.111804,0.132434,0.114043,0.250483,0.108961,0.075609
13321,0.201578,0.118431,0.139186,0.129391,0.239025,0.107556,0.064832
15001,0.194775,0.106644,0.154123,0.133083,0.217132,0.125723,0.068519
15003,0.188645,0.142911,0.194316,0.135856,0.175791,0.084215,0.078264
15005,0.0,0.0,0.086548,0.107868,0.301031,0.171185,0.333369
15007,0.193024,0.10524,0.162812,0.143982,0.21226,0.111217,0.071466
15009,0.189222,0.103645,0.173557,0.154974,0.218394,0.099601,0.060608
16001,0.204035,0.128242,0.199439,0.16906,0.179787,0.074337,0.0451
16003,0.160492,0.08281,0.069422,0.091957,0.310047,0.19991,0.085363
16005,0.242316,0.149457,0.198754,0.132409,0.155445,0.075719,0.0459
16007,0.251324,0.102883,0.143698,0.112338,0.196804,0.117825,0.075127
16009,0.207346,0.098606,0.095748,0.123921,0.267342,0.141338,0.065698
16011,0.284721,0.12513,0.166433,0.134869,0.166444,0.07298,0.049423
16013,0.188194,0.099453,0.1317,0.15979,0.250267,0.116331,0.054263
16015,0.144841,0.069509,0.082807,0.125631,0.339902,0.175803,0.061508
16017,0.180018,0.089278,0.109506,0.128968,0.263082,0.158216,0.070932
16019,0.281404,0.133825,0.196515,0.134221,0.142938,0.064695,0.046401
16021,0.221833,0.10351,0.095279,0.128089,0.232693,0.143803,0.074793
16023,0.22416,0.096608,0.099866,0.116972,0.222602,0.145852,0.09394
16025,0.196752,0.063518,0.105866,0.181558,0.247779,0.142811,0.061715
16027,0.256792,0.140646,0.181057,0.146291,0.160177,0.071646,0.043391
16029,0.263161,0.103239,0.157886,0.149894,0.172403,0.092933,0.060485
16031,0.301563,0.136009,0.155621,0.130584,0.149993,0.070807,0.055424
16033,0.205384,0.119593,0.196349,0.125677,0.181883,0.087693,0.083422
16035,0.143361,0.101876,0.10878,0.111174,0.273342,0.163692,0.097776
16037,0.159381,0.073938,0.091938,0.114349,0.273821,0.197748,0.088825
16039,0.236813,0.193863,0.195796,0.095181,0.162147,0.069938,0.046263
16041,0.298429,0.1234,0.132028,0.160075,0.161211,0.070114,0.054742
16043,0.231081,0.129013,0.13494,0.148988,0.203953,0.09508,0.056945
16045,0.211571,0.105444,0.127928,0.112986,0.238557,0.129285,0.074229
16047,0.254909,0.126084,0.133489,0.138632,0.183076,0.095489,0.068321
16049,0.187876,0.099485,0.089393,0.093589,0.25186,0.176478,0.10132
16051,0.309755,0.119546,0.176047,0.156599,0.14508,0.056914,0.036059
16053,0.279483,0.128417,0.186943,0.132753,0.165249,0.064536,0.042619
16055,0.20506,0.116729,0.16794,0.136248,0.20793,0.106333,0.05976
16057,0.217062,0.270208,0.155415,0.09364,0.138466,0.074396,0.050814
16059,0.175408,0.081807,0.10759,0.078164,0.252773,0.197312,0.106945
16061,0.21376,0.086323,0.091574,0.085049,0.24955,0.17008,0.103665
16063,0.252057,0.127487,0.144562,0.170257,0.182914,0.073911,0.048814
16065,0.355334,0.433788,0.074828,0.035049,0.044657,0.024834,0.031511
16067,0.272984,0.138146,0.151812,0.116362,0.175907,0.079795,0.064993
16069,0.197653,0.128641,0.157947,0.122968,0.208481,0.103718,0.080592
16071,0.262227,0.099003,0.116142,0.131188,0.201639,0.107011,0.08279
16073,0.238528,0.122844,0.131392,0.136245,0.213998,0.096891,0.060102
16075,0.241441,0.114136,0.142232,0.135482,0.198312,0.100745,0.067652
