FIPS,UNDER5,AGE517,AGE1829,AGE3039,AGE4049,AGE5064,AGE6574,AGE75PLUS
1001,0.059612,0.172457,0.146766,0.131463,0.13214,0.196472,0.092215,0.068876
1003,0.053038,0.158657,0.125374,0.115747,0.123133,0.209436,0.128625,0.085991
1005,0.053343,0.151631,0.15228,0.130091,0.122668,0.188058,0.11784,0.084091
1007,0.055498,0.145682,0.154917,0.140322,0.135276,0.198387,0.099509,0.070409
1009,0.059604,0.169026,0.138335,0.11838,0.125872,0.199216,0.110457,0.07911
1011,0.056716,0.152438,0.148955,0.145075,0.129851,0.192338,0.101692,0.072935
1013,0.056184,0.164097,0.13516,0.116773,0.11872,0.196261,0.117132,0.095672
1015,0.057184,0.156987,0.161067,0.122801,0.119187,0.198445,0.111078,0.073252
1017,0.054564,0.151232,0.146322,0.112644,0.118373,0.211707,0.119676,0.085483
1019,0.046278,0.139861,0.12945,0.09685,0.117786,0.228352,0.143091,0.098332
1021,0.061283,0.176599,0.144359,0.119121,0.12592,0.19855,0.104104,0.070063
1023,0.05229,0.144518,0.12904,0.099206,0.113401,0.222712,0.130564,0.108269
1025,0.055945,0.156723,0.146038,0.105949,0.117959,0.20942,0.112745,0.095222
1027,0.054592,0.148799,0.134884,0.110554,0.119373,0.218066,0.11656,0.097172
1029,0.061365,0.166333,0.130008,0.114049,0.122129,0.203125,0.116987,0.086004
1031,0.060309,0.174492,0.143021,0.129101,0.130342,0.187096,0.102521,0.073119
1033,0.0572,0.152052,0.142215,0.120826,0.117541,0.20539,0.116187,0.088589
1035,0.051744,0.152466,0.131164,0.101476,0.110114,0.21419,0.133932,0.104914
1037,0.042974,0.119558,0.119745,0.100272,0.12115,0.25007,0.144369,0.101863
1039,0.057795,0.161274,0.127781,0.113373,0.11367,0.207634,0.121023,0.097451
1041,0.055714,0.170276,0.138409,0.113615,0.118501,0.204769,0.119011,0.079705
1043,0.059957,0.162952,0.142227,0.122131,0.123162,0.198971,0.112017,0.078583
1045,0.066265,0.162177,0.161443,0.131999,0.113334,0.187383,0.102555,0.074843
1047,0.058615,0.174061,0.145206,0.111108,0.109763,0.207281,0.116709,0.077257
1049,0.059667,0.180146,0.145247,0.113041,0.127986,0.195426,0.106232,0.072254
1051,0.056674,0.163587,0.151655,0.135555,0.130204,0.199932,0.098186,0.064206
1053,0.060944,0.162564,0.148318,0.125079,0.126014,0.190451,0.105058,0.081571
1055,0.058059,0.155276,0.145996,0.117494,0.124929,0.202484,0.117952,0.077809
1057,0.05546,0.155608,0.13511,0.111597,0.117567,0.205158,0.124215,0.095285
1059,0.069877,0.177547,0.145398,0.120446,0.127041,0.187058,0.100409,0.072223
1061,0.054844,0.162715,0.125862,0.113779,0.120559,0.211045,0.121695,0.089501
1063,0.055265,0.159447,0.136047,0.104556,0.101568,0.200523,0.142644,0.09995
1065,0.065426,0.166224,0.147005,0.110952,0.107136,0.202004,0.116132,0.085122
1067,0.049991,0.153578,0.12213,0.110097,0.128524,0.20014,0.139976,0.095565
1069,0.062914,0.165475,0.14186,0.126748,0.121971,0.195181,0.10731,0.078542
1071,0.054452,0.151466,0.134561,0.109717,0.127648,0.21194,0.122962,0.087255
1073,0.06347,0.163808,0.161198,0.137793,0.121291,0.186181,0.099569,0.06669
1075,0.058666,0.155983,0.125961,0.107179,0.12248,0.205076,0.123713,0.100943
1077,0.051376,0.143425,0.178901,0.111367,0.109631,0.197673,0.11861,0.089017
1079,0.054438,0.161032,0.135898,0.115419,0.119892,0.220704,0.113258,0.07936
1081,0.05638,0.15283,0.248756,0.128091,0.117632,0.167944,0.079803,0.048564
1083,0.054678,0.166044,0.141065,0.135626,0.136799,0.208839,0.094093,0.062857
1085,0.061017,0.158293,0.142754,0.114369,0.104941,0.217135,0.113436,0.088056
1087,0.049214,0.124401,0.235648,0.09592,0.093691,0.189054,0.125516,0.086557
1089,0.058315,0.157745,0.165644,0.135485,0.118901,0.208132,0.09056,0.065217
1091,0.059437,0.162401,0.144043,0.110626,0.11765,0.200181,0.117012,0.08865
1093,0.053212,0.153719,0.132173,0.1115,0.122962,0.210226,0.117248,0.098961
1095,0.071149,0.179926,0.143031,0.118885,0.11873,0.193851,0.10103,0.073398
1097,0.065359,0.167029,0.159615,0.130345,0.116482,0.191025,0.101511,0.068634
1099,0.049854,0.15809,0.143129,0.101267,0.119006,0.212719,0.122856,0.09308
1101,0.067623,0.166641,0.169053,0.136325,0.118624,0.182565,0.095096,0.064074
1103,0.06067,0.167977,0.139903,0.120597,0.123392,0.20542,0.105688,0.076354
1105,0.053461,0.15056,0.200937,0.09687,0.106694,0.183687,0.110235,0.097555
1107,0.052671,0.138893,0.15196,0.130821,0.120428,0.207104,0.113163,0.08496
1109,0.053524,0.136796,0.290454,0.10171,0.097556,0.163028,0.088398,0.068535
1111,0.054759,0.154357,0.140809,0.103007,0.115855,0.217944,0.122717,0.090552
1113,0.068201,0.171799,0.159753,0.138154,0.119252,0.192883,0.091106,0.058853
1115,0.056858,0.166475,0.13394,0.134073,0.130227,0.204171,0.104566,0.069689
1117,0.054599,0.174859,0.142407,0.128218,0.13947,0.197159,0.09974,0.063549
1119,0.057245,0.134796,0.245862,0.087907,0.092555,0.184457,0.111066,0.086113
1121,0.053912,0.153481,0.152307,0.123022,0.123447,0.20582,0.113868,0.074143
1123,0.051652,0.151473,0.132962,0.105021,0.108678,0.22298,0.136221,0.091013
1125,0.058533,0.150202,0.237923,0.131378,0.115728,0.165786,0.086767,0.053683
1127,0.06078,0.160358,0.141252,0.110656,0.120865,0.205509,0.1187,0.081878
1129,0.056885,0.156324,0.142555,0.106542,0.116199,0.217695,0.119315,0.084486
1131,0.063402,0.165529,0.153336,0.106126,0.111003,0.192158,0.122123,0.086325
1133,0.053201,0.146951,0.129501,0.10462,0.119098,0.221255,0.126656,0.098718
2013,0.016964,0.054987,0.180462,0.152384,0.22258,0.264112,0.065809,0.042703
2016,0.032173,0.087952,0.173107,0.170834,0.192691,0.26648,0.064172,0.01259
2020,0.068699,0.170135,0.182551,0.161304,0.118489,0.177768,0.078928,0.042126
2050,0.108509,0.246281,0.183751,0.134527,0.096663,0.148915,0.056526,0.024828
2060,0.059538,0.136087,0.133657,0.149453,0.103281,0.233293,0.119077,0.065614
2068,0.040495,0.131015,0.154836,0.165317,0.158171,0.227251,0.088614,0.034302
2070,0.092665,0.222314,0.1767,0.136634,0.085268,0.17896,0.071913,0.035546
2090,0.0717,0.165211,0.225823,0.158579,0.106472,0.15631,0.079696,0.036209
2100,0.044419,0.132097,0.116647,0.111626,0.107377,0.25029,0.164156,0.073387
2105,0.047288,0.133519,0.104775,0.103848,0.102457,0.261474,0.16319,0.083449
2110,0.053815,0.154085,0.159034,0.151641,0.127616,0.207054,0.099706,0.047049
2122,0.059191,0.164081,0.133187,0.128853,0.114604,0.209646,0.126931,0.063508
2130,0.052773,0.158753,0.146865,0.14266,0.118956,0.210439,0.109315,0.060239
2150,0.066432,0.175542,0.165888,0.17309,0.112405,0.184354,0.082752,0.039537
2158,0.130221,0.284141,0.181927,0.128785,0.07696,0.132376,0.046918,0.018671
2164,0.089523,0.197613,0.155836,0.126658,0.119363,0.195623,0.07626,0.039125
2170,0.06657,0.196013,0.147057,0.146647,0.124342,0.189482,0.089158,0.040731
2180,0.092848,0.249774,0.180364,0.140127,0.104315,0.14918,0.058847,0.024545
2185,0.079312,0.19914,0.158409,0.158302,0.120473,0.207308,0.055132,0.021924
2188,0.104292,0.258178,0.173515,0.134651,0.096179,0.155849,0.046977,0.030359
2195,0.053016,0.158745,0.130104,0.130408,0.11365,0.212066,0.131627,0.070384
2198,0.052452,0.167587,0.125365,0.121468,0.11075,0.231893,0.135596,0.054888
2220,0.051349,0.153928,0.144657,0.146321,0.133008,0.202306,0.104362,0.064068
2230,0.041773,0.106564,0.12191,0.214834,0.15942,0.199488,0.097187,0.058824
2240,0.07327,0.183753,0.132928,0.135679,0.11671,0.199537,0.104981,0.053142
2261,0.006222,0.015958,0.01399,0.014625,0.0117,0.023476,0.010293,0.00038
2275,0.043635,0.146117,0.118895,0.102482,0.092474,0.23739,0.164131,0.094876
2282,0.052545,0.146141,0.131363,0.131363,0.10509,0.234811,0.123153,0.075534
2290,0.076622,0.203088,0.142494,0.124707,0.10301,0.186474,0.110829,0.052776
4001,0.064383,0.201671,0.1576,0.120424,0.106911,0.185753,0.096609,0.066649
4003,0.055123,0.155276,0.148257,0.121915,0.101031,0.182316,0.133757,0.102325
4005,0.051256,0.148074,0.277921,0.123117,0.101519,0.161241,0.088128,0.048744
4007,0.049283,0.144515,0.112746,0.097589,0.085434,0.210391,0.172968,0.127074
4009,0.06952,0.196219,0.179918,0.139525,0.120874,0.151507,0.082678,0.05976
4011,0.076364,0.192139,0.163943,0.145893,0.121329,0.162128,0.079141,0.059062
4012,0.042763,0.114997,0.098349,0.08352,0.078857,0.166713,0.182848,0.231953
4013,0.060072,0.171727,0.16784,0.139232,0.125354,0.177078,0.091209,0.067488
4015,0.042251,0.121779,0.110844,0.097197,0.091716,0.21773,0.179903,0.13858
4017,0.064324,0.193742,0.141698,0.116815,0.104017,0.1856,0.118201,0.075604
4019,0.052967,0.15012,0.186959,0.118473,0.109273,0.174722,0.117032,0.090455
4021,0.054093,0.165444,0.142211,0.133744,0.119755,0.16997,0.126065,0.088719
4023,0.069174,0.195007,0.151738,0.107552,0.111631,0.174718,0.109516,0.080664
4025,0.039282,0.117325,0.109253,0.089315,0.08934,0.220812,0.198735,0.135938
4027,0.069847,0.178524,0.182928,0.124699,0.099197,0.145098,0.096548,0.103158
5001,0.064636,0.16638,0.130821,0.109429,0.123308,0.201365,0.119179,0.084882
5003,0.0576,0.168181,0.130859,0.104061,0.120027,0.204374,0.119359,0.095539
5005,0.044474,0.132477,0.105352,0.096215,0.095837,0.211271,0.163602,0.150773
5007,0.069037,0.189288,0.154712,0.152672,0.130945,0.165776,0.080572,0.056997
5009,0.056837,0.16791,0.133425,0.113143,0.115692,0.198492,0.118081,0.096419
5011,0.063698,0.179871,0.131793,0.11795,0.118604,0.193714,0.107661,0.086708
5013,0.040187,0.143192,0.141631,0.111393,0.110222,0.231174,0.126414,0.095786
5015,0.056851,0.15969,0.125516,0.105978,0.108376,0.202892,0.144736,0.095962
5017,0.056455,0.16197,0.13719,0.103817,0.108413,0.209732,0.119704,0.102718
5019,0.051316,0.138088,0.27987,0.096279,0.101009,0.162957,0.093801,0.07668
5021,0.055968,0.155975,0.139816,0.106041,0.115126,0.208267,0.117761,0.101047
5023,0.044543,0.141594,0.110457,0.100932,0.106495,0.218594,0.146516,0.130868
5025,0.049975,0.164114,0.123179,0.113762,0.12117,0.211954,0.126067,0.089779
5027,0.058655,0.148476,0.235817,0.103587,0.099483,0.175666,0.097089,0.081228
5029,0.058919,0.167293,0.129868,0.116316,0.115222,0.211803,0.111465,0.089115
5031,0.06881,0.179995,0.185623,0.140935,0.119815,0.163628,0.0818,0.059394
5033,0.061078,0.180066,0.138166,0.123542,0.122802,0.198377,0.102033,0.073936
5035,0.07531,0.194235,0.157931,0.124078,0.117291,0.18617,0.086727,0.058258
5037,0.061713,0.171624,0.138114,0.116082,0.12429,0.197235,0.107936,0.083004
5039,0.049532,0.160871,0.117767,0.108562,0.108562,0.205874,0.137347,0.111485
5041,0.065588,0.188902,0.135109,0.110714,0.107318,0.197123,0.115539,0.079707
5043,0.063568,0.153983,0.198025,0.11288,0.106501,0.182882,0.098957,0.083204
5045,0.058959,0.168297,0.220207,0.133371,0.119504,0.167105,0.079961,0.052597
5047,0.05457,0.167739,0.139139,0.113953,0.119886,0.201041,0.111882,0.091789
5049,0.051222,0.157527,0.111692,0.096735,0.101801,0.215182,0.145706,0.120135
5051,0.053064,0.14504,0.128555,0.111869,0.113202,0.201882,0.139599,0.106789
5053,0.053472,0.166006,0.133652,0.127138,0.128169,0.204603,0.105857,0.081103
5055,0.063604,0.177359,0.149793,0.128767,0.129074,0.185457,0.095384,0.070562
5057,0.067475,0.186692,0.137526,0.109337,0.111069,0.197181,0.105404,0.085316
5059,0.051099,0.154449,0.142798,0.122246,0.129698,0.201615,0.118402,0.079694
5061,0.070217,0.190034,0.134119,0.120426,0.108787,0.191784,0.102168,0.082465
5063,0.061908,0.179431,0.145951,0.121066,0.11985,0.188052,0.103586,0.080155
5065,0.043418,0.137011,0.119233,0.107405,0.117396,0.213488,0.141125,0.120923
5067,0.057893,0.144373,0.154021,0.137121,0.124895,0.195134,0.107335,0.079228
5069,0.058947,0.156832,0.167231,0.120869,0.114554,0.196697,0.110227,0.074644
5071,0.065452,0.178843,0.152406,0.124802,0.114672,0.191836,0.099646,0.072343
5073,0.050681,0.132073,0.133434,0.095613,0.108321,0.230257,0.135098,0.114523
5075,0.060861,0.160368,0.156473,0.115635,0.113079,0.195849,0.106263,0.091473
5077,0.051237,0.127803,0.15987,0.135123,0.124317,0.193912,0.113512,0.094226
5079,0.045157,0.119211,0.18895,0.160438,0.136164,0.18841,0.091624,0.070047
5081,0.060363,0.161868,0.130541,0.109357,0.121217,0.201292,0.121217,0.094144
5083,0.05848,0.153832,0.132036,0.10884,0.121441,0.218006,0.117474,0.089891
5085,0.063914,0.187399,0.148154,0.141834,0.130291,0.184354,0.085702,0.058352
5087,0.061913,0.167028,0.131829,0.115884,0.116486,0.208123,0.116847,0.081889
5089,0.047088,0.139771,0.097637,0.091788,0.098353,0.235557,0.171819,0.117988
5091,0.06357,0.170214,0.147057,0.127047,0.123415,0.194203,0.101208,0.073286
5093,0.072731,0.188053,0.156967,0.123025,0.116514,0.189643,0.091989,0.061077
5095,0.06883,0.148075,0.128604,0.093283,0.100528,0.221585,0.130113,0.108981
5097,0.049756,0.134385,0.113616,0.084296,0.1004,0.240338,0.152266,0.124944
5099,0.058802,0.165826,0.128306,0.108377,0.114897,0.209374,0.11785,0.096568
5101,0.049097,0.143231,0.111155,0.101205,0.10199,0.217203,0.160644,0.115475
5103,0.056471,0.164637,0.13158,0.111221,0.108811,0.212413,0.125554,0.089313
5105,0.054965,0.162094,0.125386,0.110027,0.119687,0.217736,0.121039,0.089065
5107,0.075691,0.18306,0.140193,0.102777,0.101687,0.196144,0.118616,0.081832
5109,0.05314,0.163355,0.133271,0.105998,0.127366,0.208903,0.117994,0.089972
5111,0.065098,0.171981,0.141725,0.118454,0.118968,0.198123,0.105768,0.079883
5113,0.053534,0.171128,0.126398,0.099175,0.109295,0.20336,0.132773,0.104336
5115,0.061933,0.164383,0.192239,0.12522,0.110693,0.180341,0.094486,0.070705
5117,0.054473,0.150175,0.123188,0.104448,0.107321,0.217766,0.122189,0.12044
5119,0.064185,0.166305,0.160916,0.138391,0.120618,0.185312,0.099654,0.064618
5121,0.068557,0.173202,0.136182,0.123403,0.112872,0.187901,0.107443,0.09044
5123,0.061929,0.147774,0.151167,0.151895,0.13008,0.187768,0.102892,0.066494
5125,0.056714,0.173571,0.133535,0.133689,0.130478,0.187329,0.1083,0.076384
5127,0.061281,0.17064,0.130837,0.111429,0.103547,0.211133,0.115074,0.096059
5129,0.048737,0.147487,0.112274,0.101939,0.106915,0.222378,0.146594,0.113677
5131,0.064771,0.172479,0.15747,0.127356,0.11953,0.190513,0.097807,0.070074
5133,0.07367,0.210511,0.155035,0.11471,0.116858,0.175078,0.089656,0.064483
5135,0.054455,0.150414,0.117948,0.095326,0.107242,0.212526,0.145003,0.117085
5137,0.051205,0.140893,0.114263,0.092533,0.101462,0.216515,0.155038,0.128092
5139,0.063439,0.174791,0.138961,0.118085,0.118085,0.199139,0.109342,0.078158
5141,0.045724,0.146123,0.10808,0.096891,0.110197,0.22366,0.149026,0.120298
5143,0.065601,0.174225,0.223694,0.14083,0.119263,0.152984,0.073851,0.049552
5145,0.057725,0.173301,0.172361,0.119935,0.118181,0.190061,0.095895,0.07254
5147,0.062807,0.150991,0.125615,0.097224,0.118319,0.197938,0.139889,0.107216
5149,0.060676,0.179058,0.14252,0.11197,0.121682,0.202065,0.100655,0.081373
6001,0.055931,0.146031,0.15752,0.17064,0.138614,0.184764,0.086226,0.060275
6003,0.045946,0.144144,0.143243,0.087387,0.096396,0.224324,0.18018,0.078378
6005,0.03988,0.11115,0.108153,0.117118,0.120165,0.224423,0.168236,0.110875
6007,0.053922,0.147907,0.21663,0.120196,0.104681,0.172942,0.108996,0.074726
6009,0.043999,0.125238,0.10543,0.101693,0.096164,0.238682,0.173579,0.115215
6011,0.068081,0.202246,0.158715,0.133284,0.111611,0.173473,0.088547,0.064043
6013,0.055063,0.167646,0.141471,0.133406,0.135132,0.200957,0.09671,0.069615
6015,0.051657,0.156401,0.140743,0.14564,0.121796,0.194831,0.117721,0.071212
6017,0.045132,0.151296,0.117196,0.110225,0.11702,0.232978,0.1384,0.087752
6019,0.073761,0.207424,0.174628,0.143548,0.115941,0.157042,0.075023,0.052633
6021,0.068379,0.19801,0.155811,0.127373,0.108002,0.177863,0.094983,0.069579
6023,0.050995,0.13766,0.195819,0.127968,0.120206,0.177492,0.120612,0.069248
6025,0.077019,0.208083,0.174738,0.138894,0.110192,0.155677,0.076093,0.059304
6027,0.054147,0.151201,0.114827,0.124239,0.107851,0.206345,0.135256,0.106134
6029,0.074574,0.212287,0.179599,0.14443,0.11646,0.157606,0.069884,0.045159
6031,0.074435,0.19434,0.195525,0.15747,0.122831,0.147391,0.062453,0.045555
6033,0.059794,0.153872,0.11962,0.115373,0.103951,0.21314,0.141845,0.092404
6035,0.049482,0.128142,0.186898,0.166959,0.13311,0.174146,0.099526,0.061736
6037,0.056024,0.155758,0.173842,0.152488,0.131148,0.186451,0.082628,0.061661
6039,0.070886,0.202327,0.163414,0.13398,0.119164,0.164296,0.088131,0.057802
6041,0.044203,0.151197,0.108165,0.100129,0.132089,0.229694,0.132139,0.102385
6043,0.042894,0.120126,0.114946,0.109475,0.09638,0.228262,0.166453,0.121464
6045,0.055496,0.155555,0.125421,0.117558,0.117303,0.192614,0.148259,0.087795
6047,0.074816,0.215833,0.187755,0.136518,0.114305,0.154063,0.068718,0.047993
6049,0.047852,0.147647,0.109343,0.102523,0.099113,0.209934,0.163446,0.120141
6051,0.045549,0.128583,0.162211,0.149531,0.123622,0.219956,0.111149,0.059399
6053,0.067984,0.190958,0.169219,0.138188,0.121963,0.167427,0.084373,0.059888
6055,0.046757,0.152777,0.146645,0.124175,0.125889,0.201886,0.113134,0.088737
6057,0.041946,0.126822,0.103496,0.108081,0.11078,0.221259,0.176072,0.111543
6059,0.057138,0.158731,0.163473,0.13656,0.129386,0.19852,0.08811,0.068083
6061,0.05186,0.16788,0.124205,0.123604,0.130784,0.198595,0.114146,0.088926
6063,0.047549,0.12685,0.101048,0.104207,0.093518,0.224264,0.187352,0.115212
6065,0.061593,0.184823,0.165821,0.136448,0.123717,0.176633,0.085736,0.065228
6067,0.062613,0.170411,0.160925,0.152741,0.124761,0.181224,0.087978,0.059347
6069,0.065086,0.189553,0.157269,0.142318,0.127413,0.183942,0.08115,0.053269
6071,0.068528,0.191585,0.179511,0.143748,0.122849,0.172073,0.07476,0.046947
6073,0.059387,0.15336,0.182183,0.154774,0.12429,0.177865,0.086309,0.061831
6075,0.043875,0.090419,0.177962,0.211653,0.133081,0.177815,0.092185,0.073009
6077,0.068221,0.198848,0.166825,0.13817,0.124435,0.170805,0.078428,0.054266
6079,0.044466,0.129996,0.206446,0.115232,0.105288,0.185624,0.12661,0.086338
6081,0.05458,0.145289,0.143348,0.154616,0.136258,0.196261,0.095006,0.074643
6083,0.060797,0.160419,0.228254,0.12165,0.105276,0.163783,0.088653,0.071168
6085,0.056913,0.1568,0.163843,0.159317,0.135924,0.18545,0.078533,0.063221
6087,0.047098,0.140662,0.210779,0.116284,0.115431,0.191187,0.11288,0.065679
6089,0.057151,0.158056,0.137663,0.1288,0.106711,0.198892,0.124366,0.08836
6091,0.046028,0.123082,0.085237,0.090351,0.108421,0.235936,0.191954,0.118991
6093,0.050345,0.15161,0.114981,0.10855,0.09873,0.208594,0.163574,0.103617
6095,0.05904,0.15981,0.156694,0.143007,0.119936,0.194477,0.101963,0.065073
6097,0.047456,0.144832,0.14103,0.130338,0.121128,0.205391,0.12697,0.082855
6099,0.070105,0.199002,0.166614,0.139394,0.119571,0.169719,0.079809,0.055786
6101,0.066992,0.188523,0.157951,0.132339,0.116075,0.177301,0.08951,0.07131
6103,0.060311,0.176992,0.136666,0.118118,0.108025,0.197904,0.11498,0.087004
6105,0.045135,0.12904,0.096882,0.095331,0.108799,0.232615,0.184296,0.107901
6107,0.076088,0.227021,0.17393,0.136651,0.116259,0.15183,0.069923,0.048299
6109,0.043926,0.124255,0.125044,0.119961,0.106438,0.207666,0.1613,0.111411
6111,0.055454,0.168139,0.160152,0.129289,0.123041,0.198224,0.095554,0.070145
6113,0.051784,0.154429,0.273292,0.125294,0.108891,0.154352,0.077587,0.05437
6115,0.077005,0.197243,0.170226,0.148985,0.110451,0.163709,0.083484,0.048897
8001,0.067008,0.190418,0.168977,0.163751,0.13376,0.166354,0.06933,0.040402
8003,0.062184,0.178849,0.228769,0.129299,0.099532,0.154567,0.088808,0.057993
8005,0.059359,0.170578,0.158703,0.156597,0.134975,0.180791,0.086701,0.052297
8007,0.042148,0.135044,0.094657,0.109177,0.106146,0.239287,0.187412,0.086129
8009,0.053865,0.162713,0.122802,0.107452,0.097684,0.197321,0.130338,0.127826
8011,0.038185,0.115661,0.171924,0.148866,0.140749,0.187788,0.109574,0.087253
8013,0.041945,0.142202,0.218229,0.12997,0.125937,0.186939,0.095595,0.059183
8014,0.049167,0.167576,0.158588,0.15031,0.145177,0.180639,0.089708,0.058836
8015,0.036902,0.112792,0.119775,0.132965,0.119436,0.21574,0.164194,0.098196
8017,0.052164,0.190344,0.113762,0.113762,0.108768,0.197558,0.127081,0.096559
8019,0.039496,0.106086,0.103689,0.136203,0.132659,0.266778,0.149437,0.065652
8021,0.059522,0.190447,0.141335,0.110104,0.102756,0.193754,0.119902,0.08218
8023,0.047776,0.144854,0.114358,0.100381,0.09352,0.231512,0.159339,0.108259
8025,0.024762,0.094026,0.2071,0.185455,0.173853,0.174545,0.082251,0.058009
8027,0.035549,0.100657,0.088872,0.081337,0.089451,0.263524,0.23609,0.104521
8029,0.045558,0.150018,0.112851,0.103238,0.103591,0.211619,0.162717,0.110407
8031,0.056819,0.1307,0.199493,0.210081,0.132697,0.148816,0.074183,0.04721
8033,0.036398,0.154693,0.103927,0.109195,0.104406,0.229885,0.148946,0.112548
8035,0.055848,0.190975,0.132903,0.133747,0.153586,0.203356,0.082124,0.047461
8037,0.052838,0.160422,0.145886,0.157769,0.153554,0.19956,0.090632,0.039338
8039,0.045205,0.164233,0.114614,0.107441,0.12837,0.262589,0.121639,0.055909
8041,0.064256,0.171239,0.191544,0.149043,0.117102,0.172054,0.083111,0.05165
8043,0.040442,0.119947,0.137622,0.142005,0.124893,0.207759,0.133762,0.093571
8045,0.066651,0.183229,0.145867,0.141938,0.130849,0.189892,0.093255,0.048318
8047,0.030589,0.112588,0.097053,0.122518,0.162236,0.289878,0.137572,0.047566
8049,0.03651,0.125854,0.136105,0.138952,0.128132,0.243609,0.13756,0.053278
8051,0.03962,0.123926,0.249388,0.13958,0.127853,0.178061,0.096943,0.044629
8053,0.037453,0.116105,0.127341,0.087391,0.108614,0.21598,0.191011,0.116105
8055,0.036092,0.124076,0.095376,0.090448,0.092912,0.235251,0.192057,0.133788
8057,0.04964,0.12518,0.092806,0.125899,0.135252,0.228058,0.146043,0.097122
8059,0.049512,0.142229,0.148127,0.156416,0.128673,0.202497,0.105536,0.067009
8061,0.076817,0.161246,0.121799,0.103806,0.090657,0.208997,0.125952,0.110727
8063,0.062132,0.193689,0.125105,0.123703,0.102525,0.190884,0.106031,0.095933
8065,0.057207,0.147764,0.178616,0.158131,0.130402,0.185611,0.095803,0.046465
8067,0.044615,0.138318,0.151881,0.139502,0.12555,0.207264,0.127973,0.064897
8069,0.046863,0.143446,0.220518,0.134188,0.11632,0.172585,0.102448,0.063631
8071,0.043635,0.135276,0.148595,0.107804,0.103503,0.206868,0.153174,0.101145
8073,0.053741,0.147348,0.160344,0.152968,0.11556,0.191078,0.091324,0.087636
8075,0.049923,0.129764,0.185707,0.146239,0.118313,0.184394,0.103241,0.082421
8077,0.053637,0.156194,0.152913,0.13122,0.113298,0.189921,0.119417,0.0834
8079,0.04,0.099355,0.091613,0.129032,0.098065,0.227097,0.205161,0.109677
8081,0.064168,0.186649,0.138676,0.132365,0.116095,0.197902,0.101194,0.062951
8083,0.050636,0.161339,0.119527,0.11521,0.106575,0.208264,0.149296,0.089153
8085,0.050937,0.157764,0.119608,0.111505,0.107059,0.204904,0.142808,0.105415
8087,0.072722,0.185276,0.15636,0.137497,0.111311,0.177607,0.08692,0.072307
8089,0.059411,0.176422,0.145783,0.11767,0.109269,0.183011,0.116517,0.091917
8091,0.03023,0.116717,0.08048,0.098899,0.117718,0.260861,0.200801,0.094294
8093,0.035845,0.114671,0.087285,0.112556,0.124663,0.300608,0.166323,0.058049
8095,0.062715,0.189288,0.114214,0.118791,0.103227,0.183566,0.108492,0.119707
8097,0.039298,0.109732,0.13662,0.142434,0.133266,0.227179,0.134049,0.077422
8099,0.069142,0.189811,0.154164,0.113307,0.108676,0.177901,0.110495,0.076503
8101,0.056001,0.165702,0.153264,0.127967,0.115682,0.188109,0.1136,0.079675
8103,0.057265,0.184414,0.147657,0.135353,0.108692,0.196719,0.101436,0.068465
8105,0.05523,0.165603,0.138652,0.121188,0.110904,0.190426,0.13094,0.087057
8107,0.042037,0.132843,0.139301,0.150417,0.143489,0.21993,0.12024,0.051744
8109,0.046832,0.152095,0.098884,0.098304,0.114398,0.232565,0.179063,0.07786
8111,0.02681,0.095174,0.095174,0.136729,0.146113,0.237265,0.170241,0.092493
8113,0.038106,0.130102,0.132692,0.15489,0.151683,0.229621,0.119743,0.043162
8115,0.046563,0.14235,0.108204,0.110865,0.100665,0.200443,0.155211,0.135698
8117,0.044273,0.114824,0.165259,0.17892,0.142829,0.207446,0.105044,0.041404
8119,0.037078,0.130244,0.102082,0.105027,0.11139,0.274273,0.17231,0.067596
8121,0.055476,0.167043,0.131087,0.122457,0.107664,0.203,0.11691,0.096363
8123,0.070049,0.187332,0.16413,0.155781,0.12694,0.169004,0.079155,0.04761
8125,0.073949,0.200319,0.130357,0.124875,0.107136,0.175703,0.102352,0.08531
9001,0.0537,0.16659,0.147795,0.120072,0.129069,0.216049,0.092027,0.074698
9003,0.053316,0.154221,0.156136,0.132474,0.121017,0.204801,0.098858,0.079176
9005,0.041209,0.135475,0.127233,0.108594,0.112373,0.248837,0.13154,0.094739
9007,0.040395,0.12962,0.144619,0.117536,0.113257,0.238685,0.122637,0.093251
9009,0.051126,0.148393,0.165271,0.128647,0.117425,0.207386,0.10232,0.079431
9011,0.048446,0.143305,0.165696,0.123775,0.110727,0.215227,0.110173,0.082652
9013,0.040529,0.129356,0.245099,0.11019,0.104418,0.202725,0.096138,0.071545
9015,0.047597,0.147507,0.158469,0.126944,0.121398,0.221153,0.104786,0.072146
10001,0.061312,0.166472,0.166499,0.128184,0.111185,0.187668,0.104391,0.074289
10003,0.056128,0.156422,0.161074,0.139527,0.120268,0.202132,0.096366,0.068083
10005,0.049228,0.13213,0.109806,0.097851,0.094345,0.22137,0.183465,0.111805
11001,0.062454,0.119007,0.216476,0.207751,0.120031,0.148401,0.072209,0.053671
12001,0.050425,0.128876,0.286387,0.130363,0.101186,0.152057,0.090145,0.060562
12003,0.061562,0.175307,0.154685,0.143307,0.131049,0.188311,0.086519,0.05926
12005,0.055241,0.149225,0.139991,0.131599,0.11971,0.216134,0.110592,0.077509
12007,0.05246,0.13959,0.162283,0.143968,0.129399,0.188864,0.100718,0.082718
12009,0.045237,0.135649,0.127647,0.112501,0.107191,0.227747,0.133125,0.110903
12011,0.056756,0.152201,0.141576,0.136484,0.132999,0.205448,0.097362,0.077174
12013,0.047919,0.150351,0.143617,0.133905,0.133692,0.199759,0.102573,0.088183
12015,0.02852,0.088333,0.088188,0.07594,0.080437,0.226853,0.217124,0.194605
12017,0.036413,0.110079,0.095195,0.082449,0.086635,0.2184,0.197868,0.172961
12019,0.054257,0.175525,0.137009,0.132077,0.128736,0.206614,0.103348,0.062435
12021,0.042416,0.124023,0.110629,0.095044,0.099947,0.194623,0.159048,0.174271
12023,0.056629,0.158105,0.151262,0.126514,0.115023,0.19553,0.113988,0.082949
12027,0.050267,0.13632,0.156739,0.135643,0.115484,0.177315,0.116187,0.112046
12029,0.045708,0.135246,0.124861,0.119639,0.114416,0.217157,0.13683,0.106143
12031,0.066781,0.157907,0.170249,0.151736,0.118267,0.187469,0.090158,0.057432
12033,0.059621,0.148627,0.190891,0.1304,0.10579,0.190614,0.103189,0.070869
12035,0.037922,0.12693,0.105499,0.091367,0.103471,0.219104,0.181054,0.134653
12037,0.040908,0.111986,0.142154,0.134366,0.114199,0.211756,0.152402,0.092228
12039,0.058583,0.155758,0.144596,0.11591,0.124783,0.20789,0.114479,0.078
12041,0.053557,0.146326,0.166091,0.108868,0.105786,0.208916,0.118166,0.092291
12043,0.0291,0.112657,0.128337,0.128902,0.119155,0.192541,0.138155,0.151151
12045,0.046933,0.138064,0.117369,0.098817,0.104582,0.23422,0.15558,0.104435
12047,0.053066,0.136899,0.187831,0.121688,0.118728,0.195609,0.112947,0.073233
12049,0.067014,0.190911,0.172434,0.118532,0.115627,0.164425,0.092606,0.07845
12051,0.071889,0.194454,0.162928,0.133769,0.12151,0.175351,0.078124,0.061974
12053,0.044537,0.137452,0.118473,0.106202,0.108523,0.208659,0.148287,0.127867
12055,0.042186,0.124175,0.107155,0.093483,0.086615,0.182182,0.170002,0.194201
12057,0.059528,0.160027,0.163562,0.149153,0.133242,0.186093,0.088471,0.059924
12059,0.053004,0.150808,0.145813,0.121655,0.122777,0.202232,0.111156,0.092554
12061,0.039871,0.113847,0.106995,0.09052,0.091692,0.212583,0.179391,0.165101
12063,0.051629,0.136862,0.146027,0.13411,0.130904,0.193669,0.11381,0.092989
12065,0.041678,0.126691,0.115857,0.116685,0.127795,0.227436,0.143803,0.100055
12067,0.040927,0.154838,0.17542,0.129643,0.146794,0.177194,0.098888,0.076295
12069,0.04843,0.140305,0.119831,0.111943,0.111363,0.196363,0.145289,0.126476
12071,0.045205,0.126621,0.12257,0.107291,0.104092,0.199782,0.156476,0.137962
12073,0.051175,0.134312,0.291022,0.122413,0.102673,0.155206,0.088671,0.054529
12075,0.050443,0.14337,0.120275,0.106541,0.105567,0.218524,0.149642,0.105638
12077,0.043031,0.127062,0.177385,0.157303,0.153239,0.18635,0.091561,0.064069
12079,0.048567,0.13757,0.143186,0.128584,0.124358,0.202664,0.128423,0.08665
12081,0.044599,0.132506,0.116401,0.10399,0.106017,0.210183,0.153615,0.132689
12083,0.049414,0.135761,0.121836,0.106244,0.100151,0.193773,0.155913,0.136909
12085,0.040292,0.119505,0.104443,0.093584,0.098782,0.220164,0.157019,0.166211
12086,0.057179,0.14469,0.149417,0.140421,0.139389,0.199686,0.090158,0.079059
12087,0.044591,0.109876,0.120385,0.124483,0.125132,0.23966,0.142092,0.093781
12089,0.050164,0.146106,0.117388,0.118217,0.11667,0.219584,0.142647,0.089224
12091,0.063969,0.158628,0.169214,0.146626,0.10948,0.187601,0.097082,0.067399
12093,0.060507,0.151173,0.141309,0.125603,0.126857,0.190061,0.108809,0.095681
12095,0.059349,0.157732,0.186994,0.156923,0.136631,0.176931,0.075697,0.049742
12097,0.061081,0.178907,0.163813,0.146224,0.141577,0.17305,0.08077,0.054579
12099,0.050505,0.13785,0.131742,0.118219,0.11675,0.197189,0.119701,0.128044
12101,0.050599,0.150983,0.124499,0.120752,0.125425,0.200036,0.123934,0.103772
12103,0.041418,0.115939,0.124629,0.118214,0.112373,0.229109,0.138394,0.119923
12105,0.056788,0.161673,0.150159,0.128698,0.117751,0.179955,0.113308,0.091669
12107,0.056928,0.155191,0.130294,0.104995,0.101903,0.212293,0.138633,0.099762
12109,0.048112,0.167445,0.110627,0.116814,0.137824,0.209771,0.126631,0.082777
12111,0.049496,0.145372,0.128029,0.113157,0.112044,0.202122,0.136149,0.113631
12113,0.055348,0.163014,0.142604,0.139791,0.128214,0.206482,0.10122,0.063325
12115,0.034104,0.105078,0.09791,0.082546,0.090247,0.211608,0.188737,0.189769
12117,0.051642,0.155819,0.153013,0.14659,0.135019,0.195327,0.094976,0.067614
12119,0.017854,0.051551,0.05486,0.06091,0.05779,0.167248,0.32162,0.268167
12121,0.053207,0.155866,0.137207,0.118547,0.111419,0.203866,0.121587,0.098302
12123,0.05414,0.143479,0.147462,0.130974,0.119442,0.192942,0.121249,0.090311
12125,0.054177,0.147456,0.162399,0.143177,0.130143,0.2094,0.091172,0.062076
12127,0.04601,0.128068,0.137883,0.112742,0.107276,0.215343,0.141582,0.111096
12129,0.051192,0.154191,0.135506,0.144263,0.143531,0.210332,0.102677,0.058308
12131,0.056084,0.147273,0.116521,0.126162,0.122598,0.226506,0.127806,0.07705
12133,0.052062,0.146283,0.155489,0.134525,0.130579,0.203798,0.104742,0.072523
13001,0.06372,0.180667,0.144077,0.113087,0.120372,0.196107,0.107215,0.074757
13003,0.070587,0.189263,0.157481,0.129627,0.123914,0.189144,0.084395,0.055589
13005,0.067215,0.18466,0.144819,0.118439,0.134339,0.177432,0.107327,0.065769
13007,0.05437,0.134423,0.130754,0.101401,0.106404,0.219813,0.150767,0.102068
13009,0.04537,0.137971,0.248582,0.107975,0.105117,0.184759,0.10237,0.067856
13011,0.054617,0.160389,0.143544,0.11807,0.131969,0.20927,0.110732,0.07141
13013,0.06556,0.190632,0.154558,0.1479,0.133644,0.178173,0.080872,0.048662
13015,0.061106,0.174656,0.154223,0.131342,0.129426,0.2031,0.090697,0.05545
13017,0.063681,0.180908,0.137735,0.122204,0.115309,0.198837,0.109732,0.071596
13019,0.061329,0.175077,0.139856,0.121473,0.120237,0.204686,0.102111,0.075232
13021,0.064836,0.175344,0.177305,0.125882,0.112482,0.180678,0.097023,0.066451
13023,0.05027,0.147803,0.214572,0.106091,0.111796,0.192598,0.09283,0.08404
13025,0.060757,0.170568,0.141854,0.116105,0.125832,0.209946,0.105857,0.06908
13027,0.056207,0.158444,0.132512,0.114165,0.114554,0.220616,0.123047,0.080454
13029,0.072922,0.221136,0.137081,0.164062,0.14145,0.154065,0.068059,0.041225
13031,0.056504,0.141445,0.309468,0.121279,0.100717,0.150846,0.073445,0.046297
13033,0.066028,0.187536,0.146048,0.116962,0.114843,0.200689,0.104868,0.063027
13035,0.055485,0.147895,0.172301,0.139918,0.128544,0.195403,0.095411,0.065042
13037,0.037781,0.128617,0.1709,0.155145,0.153537,0.188264,0.092122,0.073633
13039,0.06923,0.170977,0.199371,0.143198,0.100789,0.171556,0.090534,0.054346
13043,0.062853,0.188378,0.136471,0.115855,0.117588,0.187739,0.115946,0.075169
13045,0.063712,0.17058,0.198422,0.126748,0.120542,0.178526,0.085265,0.056203
13047,0.05212,0.171209,0.136511,0.122988,0.133332,0.198961,0.106654,0.078225
13049,0.044519,0.135421,0.178449,0.154213,0.132438,0.193885,0.088963,0.07211
13051,0.060246,0.14723,0.191736,0.144063,0.114164,0.178702,0.097724,0.066135
13053,0.083489,0.1408,0.431657,0.166604,0.063669,0.065258,0.025991,0.022532
13055,0.060108,0.162311,0.149807,0.11913,0.125442,0.200507,0.106706,0.075989
13057,0.056294,0.179775,0.139447,0.127759,0.142399,0.202921,0.095902,0.055502
13059,0.049275,0.120285,0.345894,0.132262,0.100042,0.133121,0.072752,0.046369
13061,0.055536,0.143006,0.116279,0.107254,0.09823,0.19646,0.168344,0.114891
13063,0.073099,0.200939,0.180928,0.142147,0.126204,0.176273,0.068259,0.032152
13065,0.065049,0.183321,0.148749,0.123275,0.122517,0.18787,0.104321,0.064898
13067,0.058964,0.17035,0.163558,0.145091,0.139385,0.191632,0.082302,0.048719
13069,0.067588,0.174504,0.173926,0.135314,0.126141,0.178409,0.088315,0.055803
13071,0.064994,0.189081,0.153085,0.126851,0.12514,0.177455,0.095374,0.068021
13073,0.062091,0.188697,0.14433,0.147086,0.133413,0.181187,0.089435,0.053761
13075,0.063576,0.188186,0.145128,0.118772,0.127153,0.188995,0.097792,0.070396
13077,0.057391,0.178864,0.14369,0.127938,0.136985,0.208045,0.090935,0.056153
13079,0.047526,0.154297,0.125895,0.114746,0.118001,0.241781,0.124023,0.07373
13081,0.059967,0.175968,0.139229,0.116318,0.112025,0.196394,0.119255,0.080844
13083,0.049475,0.141339,0.174902,0.110759,0.11542,0.20368,0.12232,0.082106
13085,0.053628,0.146491,0.140875,0.117855,0.120421,0.215144,0.127747,0.077839
13087,0.070266,0.173155,0.155107,0.119351,0.120559,0.190221,0.098509,0.072834
13089,0.067881,0.159963,0.167031,0.159853,0.132188,0.180461,0.08271,0.049913
13091,0.049201,0.142196,0.145752,0.126559,0.135327,0.209421,0.108535,0.083009
13093,0.039937,0.123358,0.143138,0.120565,0.138004,0.21599,0.127812,0.091197
13095,0.064627,0.169127,0.188771,0.120634,0.110358,0.177217,0.101509,0.067757
13097,0.060757,0.19356,0.160207,0.125838,0.142515,0.19517,0.077264,0.044689
13099,0.065284,0.180772,0.138208,0.106955,0.11767,0.195853,0.104276,0.090981
13101,0.061716,0.208229,0.138485,0.140743,0.138736,0.176116,0.08279,0.053186
13103,0.065824,0.198022,0.145281,0.147649,0.135851,0.185628,0.076904,0.04484
13105,0.057786,0.160321,0.138386,0.114434,0.11133,0.20269,0.122349,0.092706
13107,0.067134,0.181612,0.156409,0.130452,0.114123,0.183654,0.099348,0.067267
13109,0.063051,0.201257,0.145243,0.122443,0.116063,0.186527,0.094295,0.07112
13111,0.038981,0.121069,0.102751,0.088219,0.102146,0.239299,0.185974,0.121561
13113,0.044625,0.183308,0.131331,0.099629,0.126893,0.220857,0.115943,0.077416
13115,0.0588,0.169434,0.167456,0.124547,0.120024,0.187161,0.099549,0.073029
13117,0.057405,0.208955,0.118816,0.128958,0.170067,0.19111,0.074083,0.050606
13119,0.058904,0.159206,0.162826,0.112356,0.112569,0.19937,0.112313,0.082457
13121,0.055663,0.155209,0.190832,0.15793,0.137463,0.180239,0.074703,0.04796
13123,0.049712,0.13619,0.115534,0.093813,0.113716,0.226774,0.164462,0.099799
13125,0.048019,0.163868,0.139691,0.104768,0.137676,0.21961,0.100739,0.085628
13127,0.053971,0.158069,0.140308,0.116156,0.117243,0.201302,0.125399,0.087552
13129,0.058571,0.177929,0.153812,0.125345,0.132952,0.195617,0.093007,0.062767
13131,0.064138,0.182348,0.13129,0.118985,0.115358,0.197343,0.110468,0.08007
13133,0.047203,0.136754,0.110139,0.097979,0.094405,0.215371,0.179583,0.118566
13135,0.063778,0.200887,0.158075,0.135758,0.144846,0.188928,0.069561,0.038167
13137,0.057651,0.164291,0.160613,0.120133,0.119089,0.190211,0.109121,0.078892
13139,0.063489,0.181361,0.158516,0.124106,0.126575,0.187013,0.092417,0.066521
13141,0.033647,0.115647,0.154353,0.126,0.108941,0.219765,0.142118,0.099529
13143,0.063446,0.176988,0.144769,0.127156,0.126528,0.196352,0.095499,0.069262
13145,0.048933,0.165663,0.125954,0.115003,0.130747,0.221117,0.121858,0.070724
13147,0.051768,0.153106,0.131656,0.108084,0.114375,0.213022,0.130064,0.097927
13149,0.053452,0.17066,0.146113,0.11813,0.124246,0.211545,0.106903,0.068951
13151,0.057533,0.194048,0.158815,0.125337,0.143069,0.198844,0.078201,0.044152
13153,0.065165,0.189751,0.159212,0.145501,0.123771,0.183469,0.08092,0.052212
13155,0.054491,0.151022,0.168263,0.129842,0.130907,0.181034,0.101639,0.082801
13157,0.06363,0.187788,0.139111,0.138634,0.136036,0.187855,0.088499,0.058447
13159,0.053719,0.177722,0.128024,0.120884,0.119082,0.219866,0.112082,0.068621
13161,0.06621,0.192708,0.143478,0.121627,0.124062,0.188693,0.097539,0.065684
13163,0.064244,0.168682,0.1462,0.12143,0.113065,0.197307,0.114372,0.074701
13165,0.054431,0.14717,0.180903,0.133562,0.126815,0.184105,0.103259,0.069754
13167,0.054272,0.132274,0.143108,0.128972,0.140322,0.203467,0.110607,0.086979
13169,0.05159,0.176325,0.138606,0.116635,0.127586,0.20657,0.110169,0.072519
13171,0.058582,0.149292,0.195324,0.117736,0.111956,0.19272,0.104301,0.07009
13173,0.064163,0.17544,0.156145,0.141345,0.119239,0.195485,0.091045,0.057138
13175,0.065922,0.179277,0.14375,0.120023,0.117604,0.190257,0.104205,0.078963
13177,0.061087,0.200543,0.13843,0.145284,0.142006,0.178823,0.088898,0.044929
13179,0.101256,0.177278,0.253267,0.146469,0.090298,0.132256,0.063619,0.035557
13181,0.051449,0.133117,0.126748,0.106269,0.105395,0.224525,0.148726,0.103771
13183,0.073424,0.196179,0.160465,0.159816,0.133579,0.172237,0.070032,0.034268
13185,0.067547,0.173697,0.244021,0.130211,0.103797,0.151159,0.077678,0.05189
13187,0.043741,0.12726,0.250587,0.102161,0.103805,0.189115,0.113404,0.069927
13189,0.064496,0.183723,0.141307,0.113848,0.112243,0.198585,0.111158,0.07464
13191,0.039441,0.115053,0.120687,0.092654,0.107749,0.23727,0.166945,0.1202
13193,0.05123,0.132383,0.171784,0.134028,0.120868,0.204293,0.117656,0.067758
13195,0.060061,0.170124,0.142485,0.119991,0.124839,0.204228,0.107095,0.071176
13197,0.048315,0.153901,0.135046,0.107118,0.113599,0.232383,0.123498,0.086142
13199,0.057545,0.150713,0.142871,0.113767,0.10961,0.215015,0.122839,0.087641
13201,0.060628,0.166637,0.128701,0.108137,0.109555,0.202269,0.109732,0.114341
13205,0.054853,0.16539,0.156579,0.127237,0.127053,0.19547,0.099696,0.073722
13207,0.049816,0.154708,0.141001,0.119171,0.124969,0.213399,0.115592,0.081344
13209,0.052254,0.145493,0.187362,0.12141,0.117764,0.19631,0.107159,0.072249
13211,0.058757,0.16409,0.129235,0.113574,0.118385,0.207442,0.11946,0.089057
13213,0.062527,0.179283,0.150768,0.122379,0.129376,0.200975,0.093165,0.061527
13215,0.070082,0.176544,0.182189,0.147097,0.115121,0.168135,0.083296,0.057535
13217,0.063578,0.192681,0.161768,0.123076,0.134838,0.188513,0.084579,0.050967
13219,0.0532,0.209184,0.118423,0.115002,0.149092,0.19303,0.097236,0.064832
13221,0.053126,0.152141,0.136497,0.123981,0.121113,0.21687,0.114399,0.081872
13223,0.062739,0.194132,0.15202,0.1397,0.146579,0.191998,0.072286,0.040546
13225,0.056592,0.150194,0.200545,0.118742,0.106369,0.199971,0.102496,0.065091
13227,0.049306,0.144433,0.128402,0.107916,0.115825,0.22668,0.142403,0.085035
13229,0.065302,0.179183,0.1403,0.118242,0.126244,0.19488,0.103109,0.07274
13231,0.053224,0.177484,0.138928,0.121117,0.139347,0.205616,0.097753,0.06653
13233,0.066949,0.186119,0.148648,0.130812,0.117838,0.190608,0.093153,0.065873
13235,0.042435,0.136526,0.137243,0.123993,0.122381,0.204655,0.126321,0.106446
13237,0.050036,0.145202,0.121789,0.105824,0.10074,0.225473,0.153987,0.09695
13239,0.053093,0.127688,0.099605,0.084686,0.093462,0.22115,0.18122,0.139096
13241,0.042482,0.120539,0.118798,0.100517,0.111195,0.221751,0.167373,0.117347
13243,0.048519,0.151808,0.141688,0.098527,0.09168,0.20762,0.139455,0.120702
13245,0.066599,0.159075,0.199823,0.140663,0.106829,0.178885,0.090681,0.057445
13247,0.057318,0.183801,0.155748,0.113392,0.127386,0.210271,0.096802,0.055282
13249,0.0514,0.184503,0.127733,0.111239,0.140775,0.205025,0.096087,0.083237
13251,0.05985,0.148731,0.141151,0.116124,0.118127,0.215159,0.123561,0.077297
13253,0.049975,0.15315,0.131572,0.102803,0.109747,0.212922,0.134549,0.105283
13255,0.063686,0.169869,0.152335,0.12492,0.113137,0.188086,0.111369,0.076598
13257,0.061973,0.16287,0.155775,0.11106,0.110676,0.195812,0.121491,0.080342
13259,0.026954,0.076969,0.271788,0.215783,0.113507,0.146002,0.081761,0.067236
13261,0.060782,0.164745,0.203936,0.109728,0.10427,0.180947,0.104714,0.070878
13263,0.046651,0.114922,0.121424,0.096229,0.106307,0.250488,0.163524,0.100455
13265,0.049486,0.12018,0.108612,0.10347,0.104756,0.22365,0.160026,0.12982
13267,0.048947,0.154295,0.173779,0.149917,0.135245,0.185375,0.091938,0.060503
13269,0.052801,0.148116,0.134482,0.103371,0.126301,0.217898,0.120476,0.096554
13271,0.041817,0.115631,0.149845,0.157828,0.147057,0.195147,0.106507,0.086169
13273,0.058892,0.169067,0.148226,0.117082,0.101159,0.201147,0.119424,0.085002
